# L, N_L^kappakappa = [L (L + 1)]^2 N_L^phiphi / 4
3.230000000000000000e+03 7.389291377995226636e-08
3.270000000000000000e+03 5.975437283123220246e-08
3.310000000000000000e+03 4.507239049059828693e-08
3.350000000000000000e+03 3.654344521561496109e-08
3.390000000000000000e+03 3.367463961301254337e-08
3.430000000000000000e+03 2.954431257839071062e-08
3.470000000000000000e+03 2.388642936555822507e-08
3.510000000000000000e+03 2.089333641725575048e-08
3.550000000000000000e+03 1.903417384734335750e-08
3.590000000000000000e+03 1.687994644369946114e-08
3.630000000000000000e+03 1.500875976750302358e-08
3.670000000000000000e+03 1.357778769115439130e-08
3.710000000000000000e+03 1.218886427632751585e-08
3.750000000000000000e+03 1.152527533278850713e-08
3.790000000000000000e+03 1.055831921216743157e-08
3.830000000000000000e+03 9.282682298295378403e-09
3.870000000000000000e+03 8.907546352231536000e-09
3.910000000000000000e+03 8.374493847167290715e-09
3.950000000000000000e+03 7.720700022426718076e-09
3.990000000000000000e+03 7.281453711108847709e-09
4.030000000000000000e+03 6.993243762824514841e-09
4.070000000000000000e+03 6.465599001811915328e-09
4.110000000000000000e+03 6.114308778926866017e-09
4.150000000000000000e+03 5.743518911095716876e-09
4.190000000000000000e+03 5.372091808042346596e-09
4.230000000000000000e+03 5.099474949796015499e-09
4.270000000000000000e+03 4.843325085219410059e-09
4.310000000000000000e+03 4.547257509751241296e-09
4.350000000000000000e+03 4.389625166332153840e-09
4.390000000000000000e+03 4.211578693894592769e-09
4.430000000000000000e+03 4.036531464616395125e-09
4.470000000000000000e+03 3.918022103114343617e-09
4.510000000000000000e+03 3.764513349213804215e-09
4.550000000000000000e+03 3.605988485222898340e-09
4.590000000000000000e+03 3.507695447812451793e-09
4.630000000000000000e+03 3.421287531419081528e-09
4.670000000000000000e+03 3.338772986384381054e-09
4.710000000000000000e+03 3.258202663458568739e-09
4.750000000000000000e+03 3.208155014110723804e-09
4.790000000000000000e+03 3.109073529465420163e-09
4.830000000000000000e+03 3.055107240601301905e-09
4.870000000000000000e+03 2.971679880964003836e-09
4.910000000000000000e+03 2.925436304913047356e-09
4.950000000000000000e+03 2.900772469555473288e-09
4.990000000000000000e+03 2.884454901345629102e-09
5.030000000000000000e+03 2.871628688467002399e-09
5.070000000000000000e+03 2.850806998073477201e-09
5.110000000000000000e+03 2.819213507764241594e-09
5.150000000000000000e+03 2.775635749956058544e-09
5.190000000000000000e+03 2.714955604591546967e-09
5.230000000000000000e+03 2.651185714211129287e-09
5.270000000000000000e+03 2.607222741664497727e-09
5.310000000000000000e+03 2.581645740077347715e-09
5.350000000000000000e+03 2.528732015075319546e-09
5.390000000000000000e+03 2.480682755065840401e-09
5.430000000000000000e+03 2.446464157385032037e-09
5.470000000000000000e+03 2.407031230897562112e-09
5.510000000000000000e+03 2.363779269317816016e-09
5.550000000000000000e+03 2.317453623679972784e-09
5.590000000000000000e+03 2.281937930335425215e-09
5.630000000000000000e+03 2.243683200638988376e-09
5.670000000000000000e+03 2.218251480136875481e-09
5.710000000000000000e+03 2.179770217254229335e-09
5.750000000000000000e+03 2.146530931409267441e-09
5.790000000000000000e+03 2.116070659844575407e-09
5.830000000000000000e+03 2.083459273640334623e-09
5.870000000000000000e+03 2.049998542446989121e-09
5.910000000000000000e+03 2.025374389633711935e-09
5.950000000000000000e+03 1.999523183859057125e-09
5.990000000000000000e+03 1.979942823827647010e-09
6.030000000000000000e+03 1.957173072336539972e-09
6.070000000000000000e+03 1.936556170456397606e-09
6.110000000000000000e+03 1.923425120386708612e-09
6.150000000000000000e+03 1.908811986965632392e-09
6.190000000000000000e+03 1.885834262319587984e-09
6.230000000000000000e+03 1.870316228951205467e-09
6.270000000000000000e+03 1.859591309263998504e-09
6.310000000000000000e+03 1.844576501463395594e-09
6.350000000000000000e+03 1.832275106163712237e-09
6.390000000000000000e+03 1.820539619059566331e-09
6.430000000000000000e+03 1.809576492315832899e-09
6.470000000000000000e+03 1.798800022903457633e-09
6.510000000000000000e+03 1.789380133921250974e-09
6.550000000000000000e+03 1.777122363277817668e-09
6.590000000000000000e+03 1.771693296264333371e-09
6.630000000000000000e+03 1.763545563824655932e-09
6.670000000000000000e+03 1.755801585014539358e-09
6.710000000000000000e+03 1.748425262160142991e-09
6.750000000000000000e+03 1.742252194015343651e-09
6.790000000000000000e+03 1.736078727035741814e-09
6.830000000000000000e+03 1.731140706226161066e-09
6.870000000000000000e+03 1.725771422260405074e-09
6.910000000000000000e+03 1.720118784866665223e-09
6.950000000000000000e+03 1.717534141695080431e-09
6.990000000000000000e+03 1.713969633836230863e-09
7.030000000000000000e+03 1.710327622709879435e-09
7.070000000000000000e+03 1.707331346776960178e-09
7.110000000000000000e+03 1.705034821217796412e-09
7.150000000000000000e+03 1.701907058068017422e-09
7.190000000000000000e+03 1.699870132971277846e-09
7.230000000000000000e+03 1.697452979581476807e-09
7.270000000000000000e+03 1.695647131815775872e-09
7.310000000000000000e+03 1.693523463762833509e-09
7.350000000000000000e+03 1.691972192978741012e-09
7.390000000000000000e+03 1.690332912388804583e-09
7.430000000000000000e+03 1.689073296769839501e-09
7.470000000000000000e+03 1.687750722807847415e-09
7.510000000000000000e+03 1.686676576877097136e-09
7.550000000000000000e+03 1.685675602766464156e-09
7.590000000000000000e+03 1.684745047530813007e-09
7.630000000000000000e+03 1.684007587164315337e-09
7.670000000000000000e+03 1.683436470791292266e-09
7.710000000000000000e+03 1.682952778075706209e-09
7.750000000000000000e+03 1.682548022583331184e-09
7.790000000000000000e+03 1.682367129115056835e-09
7.830000000000000000e+03 1.682222236554810800e-09
7.870000000000000000e+03 1.682228605361097818e-09
7.910000000000000000e+03 1.682323248709315389e-09
7.950000000000000000e+03 1.682506872654962041e-09
7.990000000000000000e+03 1.682911744678357178e-09
8.030000000000000000e+03 1.683217266472866447e-09
8.070000000000000000e+03 1.683785741092446144e-09
8.110000000000000000e+03 1.684433162765380963e-09
8.150000000000000000e+03 1.685160762215618857e-09
8.190000000000000000e+03 1.685835444205412700e-09
8.230000000000000000e+03 1.686910067453032747e-09
8.270000000000000000e+03 1.687933065800234467e-09
8.310000000000000000e+03 1.688886264469587756e-09
8.350000000000000000e+03 1.690024810306585855e-09
8.390000000000000000e+03 1.691396988426494442e-09
8.430000000000000000e+03 1.693059473111778046e-09
8.470000000000000000e+03 1.694313980197733246e-09
8.510000000000000000e+03 1.695889685787407045e-09
8.550000000000000000e+03 1.697461136194608491e-09
8.590000000000000000e+03 1.699644805841851216e-09
8.630000000000000000e+03 1.701169573285743969e-09
8.670000000000000000e+03 1.703361967404147888e-09
8.710000000000000000e+03 1.705269532583781590e-09
8.750000000000000000e+03 1.707331684738701809e-09
8.790000000000000000e+03 1.709469127524351766e-09
8.830000000000000000e+03 1.712098588083369206e-09
8.870000000000000000e+03 1.713997990315689775e-09
8.910000000000000000e+03 1.716597781003190463e-09
8.950000000000000000e+03 1.719313510382097527e-09
8.990000000000000000e+03 1.721768594321476345e-09
9.030000000000000000e+03 1.724562089963787783e-09
9.070000000000000000e+03 1.727612942823388556e-09
9.110000000000000000e+03 1.730523275498923030e-09
9.150000000000000000e+03 1.732570413787159695e-09
9.190000000000000000e+03 1.736046634317989192e-09
9.230000000000000000e+03 1.738834686290281366e-09
9.270000000000000000e+03 1.742635480336007195e-09
9.310000000000000000e+03 1.745304495699908357e-09
9.350000000000000000e+03 1.748693899058692957e-09
9.390000000000000000e+03 1.752056615758825057e-09
9.430000000000000000e+03 1.756026941807490762e-09
9.470000000000000000e+03 1.758849349272729550e-09
9.510000000000000000e+03 1.763031761505347991e-09
9.550000000000000000e+03 1.766721118141449759e-09
9.590000000000000000e+03 1.770470910787810030e-09
9.630000000000000000e+03 1.774078767013847424e-09
9.670000000000000000e+03 1.777996918502416583e-09
9.710000000000000000e+03 1.781858360434639800e-09
9.750000000000000000e+03 1.786153484263532350e-09
9.790000000000000000e+03 1.790504583148781187e-09
9.830000000000000000e+03 1.794258198604406731e-09
9.870000000000000000e+03 1.799707318676010406e-09
9.910000000000000000e+03 1.803867699498499614e-09
9.950000000000000000e+03 1.808558564977771925e-09
9.990000000000000000e+03 1.812343408277544916e-09
1.003000000000000000e+04 1.817646542498574022e-09
1.007000000000000000e+04 1.821807798768724763e-09
1.011000000000000000e+04 1.826905955595226269e-09
1.015000000000000000e+04 1.831214215061653893e-09
1.019000000000000000e+04 1.836510268500474022e-09
1.023000000000000000e+04 1.840885362581525690e-09
1.027000000000000000e+04 1.845927617603903232e-09
1.031000000000000000e+04 1.850935521269269689e-09
1.035000000000000000e+04 1.856606926350850785e-09
1.039000000000000000e+04 1.862282642206689860e-09
1.043000000000000000e+04 1.867106036345085833e-09
1.047000000000000000e+04 1.872515669189217010e-09
1.051000000000000000e+04 1.877881896727925289e-09
1.055000000000000000e+04 1.884076855631159613e-09
1.059000000000000000e+04 1.888474809191920143e-09
1.063000000000000000e+04 1.895307863572535704e-09
1.067000000000000000e+04 1.900531971035446637e-09
1.071000000000000000e+04 1.907190852666748579e-09
1.075000000000000000e+04 1.912540491502571107e-09
1.079000000000000000e+04 1.919219674860886229e-09
1.083000000000000000e+04 1.924450680773850663e-09
1.087000000000000000e+04 1.930969336627958899e-09
1.091000000000000000e+04 1.936329371099091380e-09
1.095000000000000000e+04 1.943861141936815753e-09
1.099000000000000000e+04 1.949730463321698049e-09
1.103000000000000000e+04 1.955923018972649346e-09
1.107000000000000000e+04 1.961173486396062370e-09
1.111000000000000000e+04 1.968640833042928757e-09
1.115000000000000000e+04 1.975906306135086224e-09
1.119000000000000000e+04 1.982265424977417773e-09
1.123000000000000000e+04 1.989586771548698245e-09
1.127000000000000000e+04 1.996119913824842767e-09
1.131000000000000000e+04 2.004114984516222795e-09
1.135000000000000000e+04 2.010177898751114370e-09
1.139000000000000000e+04 2.017222746412109301e-09
1.143000000000000000e+04 2.023690156888900467e-09
1.147000000000000000e+04 2.032164189360571595e-09
1.151000000000000000e+04 2.038747967216507533e-09
1.155000000000000000e+04 2.046196040184374800e-09
1.159000000000000000e+04 2.053263525746161050e-09
1.163000000000000000e+04 2.061733037651189187e-09
1.167000000000000000e+04 2.068473034577621694e-09
1.171000000000000000e+04 2.075899813994673573e-09
1.175000000000000000e+04 2.083948450163852844e-09
1.179000000000000000e+04 2.091638520790258631e-09
1.183000000000000000e+04 2.099610784242662003e-09
1.187000000000000000e+04 2.107424338277008888e-09
1.191000000000000000e+04 2.115748529696133264e-09
1.195000000000000000e+04 2.122641446105146125e-09
1.199000000000000000e+04 2.131426467219954055e-09
1.203000000000000000e+04 2.139046295264629253e-09
1.207000000000000000e+04 2.148277229406991133e-09
1.211000000000000000e+04 2.157228881293569836e-09
1.215000000000000000e+04 2.166333288915614481e-09
1.219000000000000000e+04 2.172405501291339944e-09
1.223000000000000000e+04 2.181491955204758432e-09
1.227000000000000000e+04 2.190549831437228296e-09
1.231000000000000000e+04 2.199397444474882759e-09
1.235000000000000000e+04 2.207383430851062619e-09
1.239000000000000000e+04 2.215690122653249586e-09
1.243000000000000000e+04 2.224406442378965689e-09
1.247000000000000000e+04 2.233834895568040558e-09
1.251000000000000000e+04 2.242985173624246066e-09
1.255000000000000000e+04 2.251651566827032301e-09
1.259000000000000000e+04 2.261725499394524490e-09
1.263000000000000000e+04 2.270073461261750604e-09
1.267000000000000000e+04 2.279305082716022378e-09
1.271000000000000000e+04 2.288787529650544596e-09
1.275000000000000000e+04 2.299237843952139417e-09
1.279000000000000000e+04 2.306626959640981723e-09
1.283000000000000000e+04 2.316609205430069399e-09
1.287000000000000000e+04 2.326129567538741518e-09
1.291000000000000000e+04 2.336357733328977214e-09
1.295000000000000000e+04 2.346438313530652666e-09
1.299000000000000000e+04 2.356254944625503501e-09
1.303000000000000000e+04 2.364531044860079405e-09
1.307000000000000000e+04 2.375214920812820454e-09
1.311000000000000000e+04 2.386626468255695136e-09
1.315000000000000000e+04 2.395999496211573844e-09
1.319000000000000000e+04 2.406525644744817985e-09
1.323000000000000000e+04 2.416601276331210817e-09
1.327000000000000000e+04 2.426585045912374575e-09
1.331000000000000000e+04 2.435584849939312938e-09
1.335000000000000000e+04 2.447770552823764123e-09
1.339000000000000000e+04 2.458074198827493471e-09
1.343000000000000000e+04 2.469796295872723553e-09
1.347000000000000000e+04 2.480339718511763662e-09
1.351000000000000000e+04 2.491194620429568811e-09
1.355000000000000000e+04 2.501642774342693864e-09
1.359000000000000000e+04 2.513024460953961435e-09
1.363000000000000000e+04 2.522553167335774908e-09
1.367000000000000000e+04 2.535060707357156485e-09
1.371000000000000000e+04 2.546992688621321840e-09
1.375000000000000000e+04 2.557142404232547187e-09
1.379000000000000000e+04 2.567763683901249384e-09
1.383000000000000000e+04 2.580375019734623379e-09
1.387000000000000000e+04 2.592253801865177292e-09
1.391000000000000000e+04 2.603507633653440693e-09
1.395000000000000000e+04 2.616562822052621454e-09
1.399000000000000000e+04 2.628205375473958505e-09
1.403000000000000000e+04 2.640574971959547986e-09
1.407000000000000000e+04 2.652829073704155752e-09
1.411000000000000000e+04 2.663515097832812448e-09
1.415000000000000000e+04 2.674886609386358594e-09
1.419000000000000000e+04 2.688829582625475710e-09
1.423000000000000000e+04 2.700419428927565931e-09
1.427000000000000000e+04 2.712656263019700897e-09
1.431000000000000000e+04 2.726005732836825405e-09
1.435000000000000000e+04 2.738546879291183119e-09
1.439000000000000000e+04 2.750413774214107881e-09
1.443000000000000000e+04 2.763320432875245460e-09
1.447000000000000000e+04 2.776177557519268499e-09
1.451000000000000000e+04 2.789432091100123701e-09
1.455000000000000000e+04 2.803509397560544890e-09
1.459000000000000000e+04 2.814319024588123980e-09
1.463000000000000000e+04 2.827467486155631516e-09
1.467000000000000000e+04 2.842033340233152795e-09
1.471000000000000000e+04 2.855304936872394884e-09
1.475000000000000000e+04 2.867786795521434362e-09
1.479000000000000000e+04 2.883566947590370412e-09
1.483000000000000000e+04 2.896444843013206004e-09
1.487000000000000000e+04 2.909591408165160326e-09
1.491000000000000000e+04 2.923653166619338673e-09
1.495000000000000000e+04 2.937763453397103659e-09
1.499000000000000000e+04 2.951373217817805507e-09
1.503000000000000000e+04 2.965653043879103071e-09
1.507000000000000000e+04 2.979093013111737934e-09
1.511000000000000000e+04 2.994634552647240415e-09
1.515000000000000000e+04 3.011515346667535941e-09
1.519000000000000000e+04 3.023697352040110074e-09
1.523000000000000000e+04 3.037687831854568849e-09
1.527000000000000000e+04 3.053327018847479123e-09
1.531000000000000000e+04 3.069657067331330368e-09
1.535000000000000000e+04 3.085190973595705890e-09
1.539000000000000000e+04 3.099417828047507668e-09
1.543000000000000000e+04 3.114621654347793082e-09
1.547000000000000000e+04 3.131283565006805655e-09
1.551000000000000000e+04 3.146614652546045369e-09
1.555000000000000000e+04 3.159937030103269315e-09
1.559000000000000000e+04 3.176038268712405769e-09
1.563000000000000000e+04 3.193223723028679925e-09
1.567000000000000000e+04 3.208180764574779509e-09
1.571000000000000000e+04 3.222554755226290547e-09
1.575000000000000000e+04 3.239893035077189643e-09
1.579000000000000000e+04 3.255968406349438985e-09
1.583000000000000000e+04 3.273244652271980586e-09
1.587000000000000000e+04 3.288747984417787954e-09
1.591000000000000000e+04 3.306207635180530320e-09
1.595000000000000000e+04 3.321703758933135963e-09
1.599000000000000000e+04 3.339402398059217776e-09
1.603000000000000000e+04 3.354635005160038240e-09
1.607000000000000000e+04 3.372654464984837643e-09
1.611000000000000000e+04 3.389763263133309839e-09
1.615000000000000000e+04 3.406709592363006596e-09
1.619000000000000000e+04 3.425303530539652589e-09
1.623000000000000000e+04 3.442229452809758257e-09
1.627000000000000000e+04 3.458212708529301480e-09
1.631000000000000000e+04 3.474827365420113692e-09
1.635000000000000000e+04 3.492901389235151575e-09
1.639000000000000000e+04 3.509776099852042049e-09
1.643000000000000000e+04 3.528699366070141332e-09
1.647000000000000000e+04 3.546576396191473165e-09
1.651000000000000000e+04 3.565856956373193963e-09
1.655000000000000000e+04 3.583671836452500513e-09
1.659000000000000000e+04 3.603831786334375032e-09
1.663000000000000000e+04 3.620152639591008744e-09
1.667000000000000000e+04 3.640442114726130742e-09
1.671000000000000000e+04 3.659361475268428920e-09
1.675000000000000000e+04 3.678365518855977661e-09
1.679000000000000000e+04 3.695028861952093406e-09
1.683000000000000000e+04 3.714754426047525380e-09
1.687000000000000000e+04 3.734506838853747025e-09
1.691000000000000000e+04 3.754534383550951881e-09
1.695000000000000000e+04 3.773227101079070875e-09
1.699000000000000000e+04 3.791115302540985710e-09
1.703000000000000000e+04 3.813920076851791889e-09
1.707000000000000000e+04 3.833681470186670339e-09
1.711000000000000000e+04 3.852392715644748790e-09
1.715000000000000000e+04 3.869700626240567617e-09
1.719000000000000000e+04 3.893854491075696372e-09
1.723000000000000000e+04 3.913284226069626482e-09
1.727000000000000000e+04 3.935697656868935146e-09
1.731000000000000000e+04 3.953206478156095999e-09
1.735000000000000000e+04 3.975642304719359502e-09
1.739000000000000000e+04 3.995652049763052234e-09
1.743000000000000000e+04 4.017047691167943608e-09
1.747000000000000000e+04 4.036747919934212239e-09
1.751000000000000000e+04 4.061168821758861913e-09
1.755000000000000000e+04 4.082314912076037938e-09
1.759000000000000000e+04 4.101925919610378226e-09
1.763000000000000000e+04 4.123325979107957621e-09
1.767000000000000000e+04 4.146276240731699234e-09
1.771000000000000000e+04 4.168833819980515372e-09
1.775000000000000000e+04 4.186390176806579942e-09
1.779000000000000000e+04 4.209114531348467634e-09
1.783000000000000000e+04 4.232325530627769852e-09
1.787000000000000000e+04 4.258535639203810201e-09
1.791000000000000000e+04 4.277482796887814900e-09
1.795000000000000000e+04 4.301305052165408691e-09
1.799000000000000000e+04 4.322580383050151389e-09
1.803000000000000000e+04 4.347651431730042808e-09
1.807000000000000000e+04 4.368461114669521630e-09
1.811000000000000000e+04 4.392938078274342071e-09
1.815000000000000000e+04 4.415945432658109276e-09
1.819000000000000000e+04 4.439505024813282353e-09
1.823000000000000000e+04 4.461403306454970640e-09
1.827000000000000000e+04 4.486162464017995853e-09
1.831000000000000000e+04 4.510657828984086824e-09
1.835000000000000000e+04 4.537100146312681144e-09
1.839000000000000000e+04 4.561959287600011732e-09
1.843000000000000000e+04 4.583057000460218857e-09
1.847000000000000000e+04 4.609347575915415620e-09
1.851000000000000000e+04 4.633162329288204458e-09
1.855000000000000000e+04 4.660805954707256263e-09
1.859000000000000000e+04 4.681777361493585608e-09
1.863000000000000000e+04 4.709506065172103148e-09
1.867000000000000000e+04 4.734826960063328926e-09
1.871000000000000000e+04 4.760523104715060778e-09
1.875000000000000000e+04 4.783368202058288036e-09
1.879000000000000000e+04 4.812274314906961888e-09
1.883000000000000000e+04 4.837843352822995943e-09
1.887000000000000000e+04 4.862969176850745437e-09
1.891000000000000000e+04 4.888983173247732008e-09
1.895000000000000000e+04 4.917031390113468207e-09
1.899000000000000000e+04 4.943858812634942275e-09
1.903000000000000000e+04 4.969408883527174730e-09
1.907000000000000000e+04 4.995051150274916772e-09
1.911000000000000000e+04 5.021546514097191277e-09
1.915000000000000000e+04 5.050605803100353276e-09
1.919000000000000000e+04 5.074806616962208992e-09
1.923000000000000000e+04 5.106649443866778121e-09
1.927000000000000000e+04 5.134035507912161642e-09
1.931000000000000000e+04 5.163560419386491836e-09
1.935000000000000000e+04 5.187173763347711801e-09
1.939000000000000000e+04 5.219536440932858119e-09
1.943000000000000000e+04 5.245774923568279493e-09
1.947000000000000000e+04 5.274468307858812383e-09
1.951000000000000000e+04 5.301709655731049921e-09
1.955000000000000000e+04 5.331949129672928680e-09
1.959000000000000000e+04 5.358301980415868904e-09
1.963000000000000000e+04 5.388640606466876419e-09
1.967000000000000000e+04 5.418915645655974156e-09
1.971000000000000000e+04 5.446967866560631075e-09
1.975000000000000000e+04 5.478745740760571040e-09
1.979000000000000000e+04 5.508318396488074187e-09
1.983000000000000000e+04 5.537625857624698137e-09
1.987000000000000000e+04 5.565054917770143090e-09
1.991000000000000000e+04 5.600880417080480512e-09
1.995000000000000000e+04 5.627922518589205205e-09
1.999000000000000000e+04 5.660676235058814008e-09
2.003000000000000000e+04 5.689701432231645889e-09
2.007000000000000000e+04 5.725476150969932522e-09
