# z, sigma(r_s/d_V(z))/(r_s/d_V(z)); derived from tables 2.3 and 2.5 in arXiv:1611.00036
5.000000000000000278e-02 5.737087917905545065e-02
1.499999999999999944e-01 2.206193302702392015e-02
2.500000000000000000e-01 1.411905725527656287e-02
3.499999999999999778e-01 1.198295085156870186e-02
4.500000000000000111e-01 2.012861423722734147e-02
6.500000000000000222e-01 7.408403636711787497e-03
7.500000000000000000e-01 6.251488711587913083e-03
8.499999999999999778e-01 6.139851608775066805e-03
9.499999999999999556e-01 6.342099196813482526e-03
1.050000000000000044e+00 7.487248419071514637e-03
1.149999999999999911e+00 7.793515823355263300e-03
1.250000000000000000e+00 7.901125095692244221e-03
1.350000000000000089e+00 1.205561187902869265e-02
1.449999999999999956e+00 1.275813465989444721e-02
1.550000000000000044e+00 1.519883036435516060e-02
1.649999999999999911e+00 2.300183567553782185e-02
1.750000000000000000e+00 3.738811457015599887e-02
1.850000000000000089e+00 3.794271998684332209e-02
