# z, r_s / d_V(z)
5.000000000000000278e-02 6.717428303510354359e-01
1.499999999999999944e-01 2.316357970053971316e-01
2.500000000000000000e-01 1.440460596539440419e-01
3.499999999999999778e-01 1.067884061125177336e-01
4.500000000000000111e-01 8.628606216850817634e-02
6.500000000000000222e-01 6.455600070334409357e-02
7.500000000000000000e-01 5.816542557989724804e-02
8.499999999999999778e-01 5.334226589000860136e-02
9.499999999999999556e-01 4.958479779457507231e-02
1.050000000000000044e+00 4.658322400150583659e-02
1.149999999999999911e+00 4.413615903766934107e-02
1.250000000000000000e+00 4.210719478803109928e-02
1.350000000000000089e+00 4.040077080401442006e-02
1.449999999999999956e+00 3.894803333827927955e-02
1.550000000000000044e+00 3.769817359406851809e-02
1.649999999999999911e+00 3.661292110801696309e-02
1.750000000000000000e+00 3.566293008863512942e-02
1.850000000000000089e+00 3.482534208084183541e-02
