0.000000000000000000e+00
0.000000000000000000e+00
7.895919240267681034e-08
9.601147003674683981e-08
1.105785093703325514e-07
1.232084241692354127e-07
1.342257521349085264e-07
1.439213594550910965e-07
1.524990848452683740e-07
1.601313611500611301e-07
1.669269342990236162e-07
1.730337269863035585e-07
1.784578739502868308e-07
1.833604385582817939e-07
1.877250638921556749e-07
1.916674513733409813e-07
1.952070373239480790e-07
1.983458466524350606e-07
2.011774261864485075e-07
2.037091093949073928e-07
2.059467535801824850e-07
2.079275685583277779e-07
2.096899420402816527e-07
2.112526507493806033e-07
2.125889339481987447e-07
2.137582149086750117e-07
2.147726781899901884e-07
2.156204153713190123e-07
2.163263877046707717e-07
2.169047063945319207e-07
1.995941352381710208e-08
2.000669661432545231e-08
2.005158024255909269e-08
2.009751816456198211e-08
2.013877189246274775e-08
2.017946892621725508e-08
2.022022282294901101e-08
2.025488303612854012e-08
2.028840020761611124e-08
2.032528474308717118e-08
2.036343625023426022e-08
2.039630086113831806e-08
2.042666157334632114e-08
2.045769849055825787e-08
2.048811205136439608e-08
2.051394876559781424e-08
2.053822347350421230e-08
2.056451040131642349e-08
2.059360437585509284e-08
2.062291634345626789e-08
2.064815799325216967e-08
2.067101320165311501e-08
2.069382281371191789e-08
2.071727603593704845e-08
2.074009109039069578e-08
2.075996400760930432e-08
2.077848188315940569e-08
2.079771890263304501e-08
2.081868172809337843e-08
2.084103690238680781e-08
2.086282038820563061e-08
2.088144102919489482e-08
2.089799663096978953e-08
2.091427298375579623e-08
2.093144681456325661e-08
2.094994353288144100e-08
2.096927442872378935e-08
2.098787060669339085e-08
2.100383859350829864e-08
2.101802348984226432e-08
2.103181939351409468e-08
2.104625888574997443e-08
2.106193172232028431e-08
2.107889810788028695e-08
2.109659688046635397e-08
2.111374509304803943e-08
2.112889811330630435e-08
2.114258623139484266e-08
2.115573469251515444e-08
2.116902906074562474e-08
2.118286569555256454e-08
2.119730242926286241e-08
2.121200722575444102e-08
2.122619793184559613e-08
2.123901116460426601e-08
2.125088053490590959e-08
2.126248573433604195e-08
2.127434483254144396e-08
2.128678112600930338e-08
2.129989627085747793e-08
2.131353697040087318e-08
2.132726213822438221e-08
2.134030941437790174e-08
2.135190462042663387e-08
2.136238081668759984e-08
2.137231101755012986e-08
2.138217897612472199e-08
2.139236029946923257e-08
2.140310710223188801e-08
2.141452991124831056e-08
2.142658138608858842e-08
2.143903736019722659e-08
2.145147796063468457e-08
2.146327036104409964e-08
2.147379688778309229e-08
2.148327676687840789e-08
2.149211729348602959e-08
2.150066990970496015e-08
2.150922216910318840e-08
2.151798897302865214e-08
2.152710089627017532e-08
2.153659968825248285e-08
2.154642334598606468e-08
2.155639910827363032e-08
2.156623175225068857e-08
2.157549199832307755e-08
2.158377450885791900e-08
2.159123579400635877e-08
2.159815873475163286e-08
2.160479171064391065e-08
2.161133842695273009e-08
2.161795749622055894e-08
2.162475650707500173e-08
2.163178349529675713e-08
2.163902648773143210e-08
2.164640262225731935e-08
2.165375537417565420e-08
2.166084928267778362e-08
2.166735958985083158e-08
2.167299072092501616e-08
2.167786097078939647e-08
2.168218302168865974e-08
2.168614758266793292e-08
2.168991978886715670e-08
2.169363734371419326e-08
2.169740526023950334e-08
2.170129802811070669e-08
2.170535144324704488e-08
2.170956203240178941e-08
2.171388516734232862e-08
2.171822737420997031e-08
2.172244686822366427e-08
2.172634875673426923e-08
2.172968145035500795e-08
2.173222082304541388e-08
2.173405064800860406e-08
2.173532761456192005e-08
2.173619241706568101e-08
2.173677475222917385e-08
2.173718381573012351e-08
2.173751466441460566e-08
2.173784006342964647e-08
2.173821178158120621e-08
2.173866179703556504e-08
2.173919342275466572e-08
2.173978816429123179e-08
2.174039672150216349e-08
2.174094099579961025e-08
2.174131026198631995e-08
2.174136369026489919e-08
2.174091947992662452e-08
2.173982343017411415e-08
2.173813779232806534e-08
2.173597286610703856e-08
2.173343383286052020e-08
2.173061593518139384e-08
2.172760487228142503e-08
2.172447608039448713e-08
2.172129431215001853e-08
2.171811309132875594e-08
2.171496962001484240e-08
2.171189013779432804e-08
2.170888533510331267e-08
2.170594777522021244e-08
2.170305571128499223e-08
2.170016891610246525e-08
2.169722657050646673e-08
2.169414783504103805e-08
2.169083410285221854e-08
2.168716138560255358e-08
2.168302457312833063e-08
2.167847279660608039e-08
2.167358649472361498e-08
2.166844415223273352e-08
2.166311740561362601e-08
2.165766997780265637e-08
2.165215964958614800e-08
2.164663952897727285e-08
2.164115127909458359e-08
2.163573323622385067e-08
2.163041186698451496e-08
2.162520469665586180e-08
2.162012391682721856e-08
2.161516473649008992e-08
2.161031953637373935e-08
2.160556558821084543e-08
2.160086621882798371e-08
2.159617924327809743e-08
2.159144446997953338e-08
2.158659031099765089e-08
2.158153142181390466e-08
2.157619675897184556e-08
2.157062025042126714e-08
2.156485659807714140e-08
2.155896200641057942e-08
2.155298406143670524e-08
2.154697015313505809e-08
2.154096352825334717e-08
2.153499924022108191e-08
2.152911143186330774e-08
2.152332805148816715e-08
2.151767056015890409e-08
2.151215942885856027e-08
2.150680232921716087e-08
2.150160669225088758e-08
2.149657173446731379e-08
2.149168944874993083e-08
2.148694597079568216e-08
2.148232302952211622e-08
2.147779139939082962e-08
2.147331885939834308e-08
2.146886398663816266e-08
2.146437382577812049e-08
2.145979095644020354e-08
2.145506754499894550e-08
2.145022919670673303e-08
2.144531447961666212e-08
2.144036386618005952e-08
2.143541417354902987e-08
2.143049978849954035e-08
2.142565323022190201e-08
2.142090153961987718e-08
2.141627379898718939e-08
2.141179124063179961e-08
2.140747317519732650e-08
2.140333699233289735e-08
2.139939577836517282e-08
2.139565620702502135e-08
2.139212481051164313e-08
2.138880358300114468e-08
2.138568837623351644e-08
2.138277162652003276e-08
2.138004369266301971e-08
2.137748835795955481e-08
2.137508706906970268e-08
2.137281218088050619e-08
2.137063713415059666e-08
2.136852524336252675e-08
2.136643844692448211e-08
2.136433122501961779e-08
2.136216702827110760e-08
2.135996109443494046e-08
2.135773598094668897e-08
2.135551887613103832e-08
2.135332935919394472e-08
2.135119155341571438e-08
2.134912178608576057e-08
2.134713928577097037e-08
2.134526152131014378e-08
2.134349942679993549e-08
2.134186826346389176e-08
2.134037502600853867e-08
2.133903095060365571e-08
2.133783881901040095e-08
2.133680396937690499e-08
2.133592789590308208e-08
2.133521057129397047e-08
2.133464715532619742e-08
2.133423319899231456e-08
2.133396106287893014e-08
2.133382593256225606e-08
2.133381389377532979e-08
2.133391332107738073e-08
2.133411076644546468e-08
2.133438090632835022e-08
2.133470807734308633e-08
2.133506628812145985e-08
2.133542661032557561e-08
2.133576136391873901e-08
2.133604436797852909e-08
2.133628294832504857e-08
2.133649655343404882e-08
2.133669706074626527e-08
2.133690158136854697e-08
2.133712037559844961e-08
2.133737022183632075e-08
2.133765832277662082e-08
2.133799304554283404e-08
2.133838082653108148e-08
2.133882966170011854e-08
2.133934556089165604e-08
2.133993070545669933e-08
2.134058694749972964e-08
2.134131849439443813e-08
2.134212380509953197e-08
2.134300091476722854e-08
2.134395015434287580e-08
2.134496412192183507e-08
2.134604222776799813e-08
2.134717514286256083e-08
2.134835295988158512e-08
2.134956983238381768e-08
2.135081332687587114e-08
2.135207229679997547e-08
2.135333832962589021e-08
2.135459682793648216e-08
2.135583353320593582e-08
2.135703073171708795e-08
2.135817579945687142e-08
2.135924691620229156e-08
2.136022156682113565e-08
2.136108137575970837e-08
2.136180669865156911e-08
2.136240311148988026e-08
2.136287972462696726e-08
2.136325290129541149e-08
2.136352471276498929e-08
2.136370938547860804e-08
2.136381665103935629e-08
2.136385246083980691e-08
2.136382131159018628e-08
2.136373284252031887e-08
2.136359004034463614e-08
2.136339518959660671e-08
2.136315595633661050e-08
2.136287122465736344e-08
2.136254730426381867e-08
2.136218164763897389e-08
2.136177917654289696e-08
2.136133588085411861e-08
2.136085526421242490e-08
2.136033286576101179e-08
2.135976761853750073e-08
2.135915667341217332e-08
2.135849642654048484e-08
2.135778251327977284e-08
2.135700767204957511e-08
2.135617017920242363e-08
2.135525904203767093e-08
2.135427099288578768e-08
2.135319451068569136e-08
2.135202155045449370e-08
2.135074220210069559e-08
2.134934575389843770e-08
2.134781850944846098e-08
2.134615249433885398e-08
2.134433239888228294e-08
2.134234316964056273e-08
2.134016892067576364e-08
2.133780200235861483e-08
2.133523940267933298e-08
2.133249015188467340e-08
2.132955519302730774e-08
2.132644005246853591e-08
2.132315065747369029e-08
2.131969200438092000e-08
2.131607109378621089e-08
2.131229355453529163e-08
2.130836248442338442e-08
2.130428756509717600e-08
2.130007025075743163e-08
2.129571400260333829e-08
2.129122778704784221e-08
2.128661226780088073e-08
2.128187245906691674e-08
2.127700964129138276e-08
2.127203299297343563e-08
2.126693744804836846e-08
2.126173287078857456e-08
2.125641834964722276e-08
2.125099691841706071e-08
2.124546819556645718e-08
2.123982980357075568e-08
2.123408141687119188e-08
2.122821881876150201e-08
2.122224584324898148e-08
2.121615164818921137e-08
2.120994066082396051e-08
2.120360619648864412e-08
2.119714607261396541e-08
2.119055416702910138e-08
2.118383012346984044e-08
2.117696843474145155e-08
2.116996205596668102e-08
2.116280976413280466e-08
2.115550638383618521e-08
2.114804026891518103e-08
2.114041337314675151e-08
2.113261891728355574e-08
2.112466044212581367e-08
2.111653890556830528e-08
2.110826133493581938e-08
2.109983086790867552e-08
2.109124418826593527e-08
2.108251161890212660e-08
2.107363201404612151e-08
2.106460655469684386e-08
2.105544258844799037e-08
2.104613842777290978e-08
2.103669600294946542e-08
2.102711834844225757e-08
2.101740448822716229e-08
2.100755967081898921e-08
2.099758256191476473e-08
2.098747566642641549e-08
2.097724070997668043e-08
2.096687813002508552e-08
2.095638949350561237e-08
2.094577490548601449e-08
2.093504082848337044e-08
2.092418445136849028e-08
2.091320670275380811e-08
2.090210966543075013e-08
2.089089132203672185e-08
2.087955607215889868e-08
2.086810422090784904e-08
2.085652928579583312e-08
2.084483918046175974e-08
2.083302708426741092e-08
2.082110063436145713e-08
2.080905133716092298e-08
2.079687950493222042e-08
2.078458793274260103e-08
2.077216950537024026e-08
2.075962091848241296e-08
2.074694001966783156e-08
2.073412311743978314e-08
2.072116328518484269e-08
2.070806971963722135e-08
2.069483626334932786e-08
2.068146612177590654e-08
2.066796649115096847e-08
2.065433491922903433e-08
2.064057291839495547e-08
2.062668462998472684e-08
2.061266447402047838e-08
2.059852185595736004e-08
2.058425370460625519e-08
2.056986120497901219e-08
2.055534645824488952e-08
2.054071311761546756e-08
2.052596336818058815e-08
2.051109791519282691e-08
2.049611875987438353e-08
2.048102781503519760e-08
2.046582830317801397e-08
2.045052196702538666e-08
2.043510625337512748e-08
2.041959113699066059e-08
2.040396967436182200e-08
2.038824464541717759e-08
2.037242298473216285e-08
2.035650168062073639e-08
2.034048185501166009e-08
2.032436454311519390e-08
2.030815348243840294e-08
2.029184218693384841e-08
2.027543964818172128e-08
2.025894198537465698e-08
2.024234948591257893e-08
2.022566234732804713e-08
2.020888210917990781e-08
2.019200592952142092e-08
2.017503803907595510e-08
2.015797541721090515e-08
2.014081781862421268e-08
2.012356546541263469e-08
2.010622216321640266e-08
2.008878788452940542e-08
2.007126976086900170e-08
2.005366764561784482e-08
2.003598421934590145e-08
2.001822213938776060e-08
2.000038559981180409e-08
1.998247441609606010e-08
1.996449562016264501e-08
1.994644891686951932e-08
1.992833686387034039e-08
1.991016196472574930e-08
1.989192959620861545e-08
1.987363483769929164e-08
1.985528881764411404e-08
1.983688943355896431e-08
1.981843892027519121e-08
1.979993945925981051e-08
1.978139317872276714e-08
1.976280510319859370e-08
1.974416988270639388e-08
1.972549833931906225e-08
1.970678797104970191e-08
1.968804067092681376e-08
1.966925828575830591e-08
1.965044261051686636e-08
1.963159538843080059e-08
1.961271979778582776e-08
1.959381748306219948e-08
1.957488854779696818e-08
1.955593154764402458e-08
1.953695691476461741e-08
1.951795713903712244e-08
1.949893658713791826e-08
1.947989808974871296e-08
1.946083993890325541e-08
1.944176786161293017e-08
1.942268004804336981e-08
1.940357773646012521e-08
1.938446254748072328e-08
1.936533921445646082e-08
1.934620340968826886e-08
1.932706128691980585e-08
1.930791142526439030e-08
1.928875989458530824e-08
1.926960517722225806e-08
1.925044872231471846e-08
1.923129193154571787e-08
1.921213918890068370e-08
1.919298574461573892e-08
1.917383740314531254e-08
1.915469234405976009e-08
1.913555628916115723e-08
1.911642732319212884e-08
1.909730651901563718e-08
1.907819490308790966e-08
1.905909346672231269e-08
1.904000625141877020e-08
1.902092658513724703e-08
1.900186453755653942e-08
1.898281639777755067e-08
1.896378298802321610e-08
1.894476202292866454e-08
1.892576342699377954e-08
1.890677870032228190e-08
1.888781155333002609e-08
1.886886258974898323e-08
1.884993390778323734e-08
1.883102602882981856e-08
1.881213481246729921e-08
1.879326684869930626e-08
1.877441945153856795e-08
1.875559297056138510e-08
1.873678772268324234e-08
1.871800710955871705e-08
1.869924523149226109e-08
1.868050696429605779e-08
1.866178943949606536e-08
1.864309759076016253e-08
1.862442859764035102e-08
1.860578269694825596e-08
1.858716008792143526e-08
1.856856093253697704e-08
1.854998535582517641e-08
1.853143344618550194e-08
1.851290837029976808e-08
1.849440235889660385e-08
1.847592473940365536e-08
1.845747078514304438e-08
1.843903728339403903e-08
1.842063035907260011e-08
1.840224675918067580e-08
1.838388632347921351e-08
1.836555199007709499e-08
1.834723727266835443e-08
1.832894504260982752e-08
1.831067657905002686e-08
1.829242842473314718e-08
1.827420493720507470e-08
1.825600259704995860e-08
1.823782099242027284e-08
1.821965968209939737e-08
1.820151819600576493e-08
1.818339603567797926e-08
1.816529267481347849e-08
1.814720755978514906e-08
1.812914326741859058e-08
1.811109130664732945e-08
1.809306055869303683e-08
1.807504567741443331e-08
1.805704286368129147e-08
1.803905778775101237e-08
1.802108660615871453e-08
1.800312861621508633e-08
1.798518309356605590e-08
1.796724929281837134e-08
1.794932969598944954e-08
1.793141752522565294e-08
1.791351875553987548e-08
1.789562503740835297e-08
1.787774548878008870e-08
1.785987171044066335e-08
1.784200960470095838e-08
1.782415550253734304e-08
1.780630890627119202e-08
1.778846933053408116e-08
1.777063627993672330e-08
1.775280924201327650e-08
1.773499088456919555e-08
1.771717427095911813e-08
1.769936203628289927e-08
1.768155520673011312e-08
1.766374999289291539e-08
1.764595059757696510e-08
1.762815320439013863e-08
1.761035718640235667e-08
1.759255869574533106e-08
1.757476350025441686e-08
1.755696773228906232e-08
1.753917393614674715e-08
1.752137500690014111e-08
1.750357347777526214e-08
1.748576869442462658e-08
1.746796322326496708e-08
1.745014835674563562e-08
1.743233309033689146e-08
1.741451192435642150e-08
1.739668095885294376e-08
1.737884596322592251e-08
1.736100303117689063e-08
1.734315147695985896e-08
1.732529061229860203e-08
1.730741974688924307e-08
1.728953818890308059e-08
1.727164524546629683e-08
1.725374352626705366e-08
1.723582620957439438e-08
1.721789623821873445e-08
1.719995493781029578e-08
1.718199878477234695e-08
1.716403234971347482e-08
1.714605210206364874e-08
1.712805450289466437e-08
1.711004573452077684e-08
1.709202225135913031e-08
1.707398374552493817e-08
1.705592990604355674e-08
1.703786041913498244e-08
1.701977496846680033e-08
1.700167648371651959e-08
1.698355814847051229e-08
1.696542288776899398e-08
1.694727362822061723e-08
1.692910191843808413e-08
1.691091718482292827e-08
1.689271097888413862e-08
1.687448951436931668e-08
1.685624925568538745e-08
1.683798991940556789e-08
1.681970796739356658e-08
1.680140962672690794e-08
1.678309136109550358e-08
1.676475288957500358e-08
1.674639718934635452e-08
1.672801746804109941e-08
1.670961670493272348e-08
1.669119462418066598e-08
1.667275421020325056e-08
1.665428867360722014e-08
1.663580263171302685e-08
1.661729255681767120e-08
1.659876307166491905e-08
1.658020740468321556e-08
1.656163187392415338e-08
1.654303302622876422e-08
1.652441064428268872e-08
1.650576450667784405e-08
1.648709113413281546e-08
1.646839683213668121e-08
1.644968138825096092e-08
1.643093807183506773e-08
1.641216993780678079e-08
1.639337678408538345e-08
1.637455841242524962e-08
1.635571788892307429e-08
1.633684850264129257e-08
1.631795332823628760e-08
1.629903381421800397e-08
1.628008978339353165e-08
1.626111617613980960e-08
1.624211935325724695e-08
1.622309590404193357e-08
1.620404242415341348e-08
1.618496528961048531e-08
1.616586110614841135e-08
1.614672974346083415e-08
1.612757107664184009e-08
1.610838498623676812e-08
1.608917135829923563e-08
1.606993008442425873e-08
1.605066106178450924e-08
1.603136744678900919e-08
1.601204263989161393e-08
1.599268980938088333e-08
1.597331212644441698e-08
1.595390301249150984e-08
1.593446728250177898e-08
1.591500165683570008e-08
1.589551099267265728e-08
1.587599202918737243e-08
1.585644151478934080e-08
1.583686594416363619e-08
1.581726207616663803e-08
1.579762992982012882e-08
1.577796956072920103e-08
1.575828104396827737e-08
1.573856446744190771e-08
1.571881993170900975e-08
1.569904754977593490e-08
1.567924744686455992e-08
1.565941976013813612e-08
1.563956463841173641e-08
1.561968547504789258e-08
1.559977598624374368e-08
1.557983965243994182e-08
1.555987997231444671e-08
1.553989076590767540e-08
1.551987716676525601e-08
1.549983624708462980e-08
1.547977315256294961e-08
1.545968497372030284e-08
1.543956881524364446e-08
1.541943145215817379e-08
1.539927000249226656e-08
1.537908481291655646e-08
1.535887623634751619e-08
1.533864463147566667e-08
1.531838715181080300e-08
1.529811058882614113e-08
1.527781531039565380e-08
1.525749527813718260e-08
1.523715408279397213e-08
1.521679210965336131e-08
1.519640974647947627e-08
1.517601058069730012e-08
1.515558860644418174e-08
1.513514741577462565e-08
1.511469059362712659e-08
1.509421214800080041e-08
1.507371725981850471e-08
1.505320313320928270e-08
1.503267493841694137e-08
1.501212677234348728e-08
1.499156576131939019e-08
1.497098954471750351e-08
1.495039575556337638e-08
1.492979153871102041e-08
1.490917450573267174e-08
1.488854547224753712e-08
1.486790525004184369e-08
1.484725463680732270e-08
1.482659441624662209e-08
1.480592535816808816e-08
1.478524821857590014e-08
1.476456373976057697e-08
1.474387265037799124e-08
1.472317566552933774e-08
1.470247348683558793e-08
1.468176994663516228e-08
1.466105942903069319e-08
1.464034574222178506e-08
1.461963267110757210e-08
1.459891457523048168e-08
1.457819834713685934e-08
1.455747677642384612e-08
1.453675990126016430e-08
1.451604054656520656e-08
1.449532559491208947e-08
1.447461254036551009e-08
1.445389887503805563e-08
1.443319142768926624e-08
1.441248766259415840e-08
1.439178504233666387e-08
1.437109034175192233e-08
1.435040099563499262e-08
1.432971753634775298e-08
1.430904048374498506e-08
1.428837034517111486e-08
1.426770761545937555e-08
1.424705277692280448e-08
1.422640629933887253e-08
1.420576869788378480e-08
1.418514070373703771e-08
1.416452616110561452e-08
1.414391966107090176e-08
1.412332500844645655e-08
1.410274290857311963e-08
1.408217711157545979e-08
1.406162215161937639e-08
1.404108480233024259e-08
1.402055957252598560e-08
1.400005013502971661e-08
1.397955860842180378e-08
1.395908251813781192e-08
1.393862699420371234e-08
1.391818953054150517e-08
1.389776761717929242e-08
1.387736784456034259e-08
1.385698768368580529e-08
1.383662466235174749e-08
1.381628539753253951e-08
1.379596740045148125e-08
1.377567120015003549e-08
1.375539731216112732e-08
1.373514623875963923e-08
1.371491846919622368e-08
1.369471447992390751e-08
1.367453473480934896e-08
1.365437968533556142e-08
1.363424977078913418e-08
1.361414541844218900e-08
1.359406704371582769e-08
1.357401505034065314e-08
1.355398983049801538e-08
1.353399474703650777e-08
1.351402420439085391e-08
1.349408155733506076e-08
1.347416716664735717e-08
1.345428435169283312e-08
1.343442750924343598e-08
1.341460287057216677e-08
1.339480466099008534e-08
1.337503891957445146e-08
1.335529836227802493e-08
1.333559195923417872e-08
1.331591242589763213e-08
1.329626575303924678e-08
1.327664613598931494e-08
1.325705954180887788e-08
1.323750310237056852e-08
1.321797395685179388e-08
1.319847803727974176e-08
1.317901247190406183e-08
1.315957732956662236e-08
1.314017267681112079e-08
1.312079565942187077e-08
1.310145216888544198e-08
1.308213933810455867e-08
1.306285721419913264e-08
1.304360583959116131e-08
1.302438525206483396e-08
1.300519548482635346e-08
1.298603656656257009e-08
1.296690852149686094e-08
1.294781425666894423e-08
1.292874800991819357e-08
1.290971268281093097e-08
1.289070828226503169e-08
1.287173481100333275e-08
1.285279514974437578e-08
1.283388360125800962e-08
1.281500309559460341e-08
1.279615654626922553e-08
1.277733827446339544e-08
1.275855118935930527e-08
1.273979818373121896e-08
1.272107358674996174e-08
1.270238313299791866e-08
1.268371973580010024e-08
1.266509190552034278e-08
1.264649231836806925e-08
1.262792638585639970e-08
1.260939100748322624e-08
1.259088309890830772e-08
1.257240806296702909e-08
1.255396281907875953e-08
1.253554430143832899e-08
1.251715789725191862e-08
1.249880053746484385e-08
1.248047197694735628e-08
1.246216916937391445e-08
1.244389748885359322e-08
1.242565389268473602e-08
1.240743814933196702e-08
1.238925003061321456e-08
1.237108931167704971e-08
1.235295577097616524e-08
1.233484919024073869e-08
1.231676935444851163e-08
1.229871605179273312e-08
1.228068907364839745e-08
1.226268821453581186e-08
1.224471327208307558e-08
1.222676681726742111e-08
1.220884315910714022e-08
1.219094491290857739e-08
1.217307193055481003e-08
1.215522406692033985e-08
1.213740392716573244e-08
1.211960587412511755e-08
1.210183252187973550e-08
1.208408647452948799e-08
1.206636212241253639e-08
1.204866207822576645e-08
1.203098894450122187e-08
1.201333713859274314e-08
1.199571199306307928e-08
1.197810658369861173e-08
1.196052890288004676e-08
1.194297178382397763e-08
1.192544024676156619e-08
1.190792849716669153e-08
1.189044159386326226e-08
1.187297648379385325e-08
1.185553013833017102e-08
1.183810763179900758e-08
1.182070595481677049e-08
1.180332212172555301e-08
1.178596122012966817e-08
1.176862028211478758e-08
1.175129903956139824e-08
1.173399723418706054e-08
1.171671194695025784e-08
1.169944828236331493e-08
1.168220333650716993e-08
1.166497688781069112e-08
1.164776872321237067e-08
1.163057863428338365e-08
1.161340640611819674e-08
1.159625182786423665e-08
1.157911469605799716e-08
1.156199481435445351e-08
1.154489199325803179e-08
1.152780604985434270e-08
1.151073680754096405e-08
1.149368409576026139e-08
1.147664774973241552e-08
1.145963023161640402e-08
1.144262614124955845e-08
1.142563795430770726e-08
1.140866552647618598e-08
1.139170871790066175e-08
1.137476999786734020e-08
1.135784402147914065e-08
1.134093327928771082e-08
1.132404029338794894e-08
1.130715981115918387e-08
1.129029439530039657e-08
1.127344667983333126e-08
1.125661156144315926e-08
1.123979427698123182e-08
1.122298973650458456e-08
1.120620316331050631e-08
1.118942819620823814e-08
1.117267261441687966e-08
1.115593006752504134e-08
1.113920575016653124e-08
1.112249460976018440e-08
1.110580182583626348e-08
1.108912235735288558e-08
1.107246136822499132e-08
1.105581636412329507e-08
1.103918483971354981e-08
1.102257189980839985e-08
1.100597502670449348e-08
1.098939424231626878e-08
1.097282704216374948e-08
1.095627849657182612e-08
1.093974609347573119e-08
1.092322984640015224e-08
1.090672976645998466e-08
1.089024335475214192e-08
1.087377563555810057e-08
1.085732410110435887e-08
1.084088875157334819e-08
1.082446958408156654e-08
1.080806659254113337e-08
1.079167976752012008e-08
1.077530910841676437e-08
1.075895466029627296e-08
1.074261647682889838e-08
1.072629460782199772e-08
1.070998909905836848e-08
1.069369999213102421e-08
1.067742732427319402e-08
1.066117112818352768e-08
1.064493146894776391e-08
1.062871100639791872e-08
1.061250506738474809e-08
1.059631633460415228e-08
1.058014502590826559e-08
1.056399135054277364e-08
1.054785794467186475e-08
1.053174012659603166e-08
1.051564051947642004e-08
1.049955929174553640e-08
1.048349899393003837e-08
1.046745489281383347e-08
1.045142951902197773e-08
1.043542538176513799e-08
1.041943774590196719e-08
1.040346910930165217e-08
1.038752194872125893e-08
1.037159152805093102e-08
1.035568270709959524e-08
1.033979074957015451e-08
1.032392048750669397e-08
1.030806599303860505e-08
1.029223445587405262e-08
1.027641994681298844e-08
1.026062724319299127e-08
1.024485160989188974e-08
1.022909780271600276e-08
1.021336347741440936e-08
