0.000000000000000000e+00
0.000000000000000000e+00
7.895919231624067150e-08
9.601146930826731053e-08
1.105785075131990503e-07
1.232084226820185109e-07
1.342257500319420823e-07
1.439213546373834477e-07
1.524990754789915221e-07
1.601313457526012414e-07
1.669269091886447299e-07
1.730336868846181139e-07
1.784578128221610972e-07
1.833604083449870364e-07
1.877250251609708360e-07
1.916674051361823359e-07
1.952069852150909483e-07
1.983457910117648419e-07
2.011773692319242026e-07
2.037090605490496619e-07
2.059467025060245919e-07
2.079275239907184789e-07
2.096899050903100637e-07
2.112526224724089601e-07
2.125889155023884839e-07
2.137582075359186562e-07
2.147725978436501962e-07
2.156203733009193312e-07
2.163263036359068501e-07
2.169046733158689364e-07
1.843364982594133927e-09
1.844174052204303881e-09
1.844939512577109043e-09
1.846017595527911981e-09
1.846822464074045087e-09
1.847751555528915365e-09
1.848849709539820018e-09
1.849507092558881797e-09
1.850209118657136974e-09
1.851410424220211926e-09
1.852891739306646969e-09
1.853971838125719457e-09
1.854921206473244584e-09
1.856053898293284052e-09
1.857244974004985706e-09
1.858096423446480903e-09
1.858902569590566622e-09
1.860013142306656003e-09
1.861510518130361253e-09
1.863131515487384106e-09
1.864426199400349860e-09
1.865557726841095611e-09
1.866770087273787178e-09
1.868138432015203422e-09
1.869524157305741114e-09
1.870681682083827231e-09
1.871770588777384022e-09
1.873002633393860817e-09
1.874479867402472927e-09
1.876166610460062699e-09
1.877858906412656516e-09
1.879287372704285963e-09
1.880562013195729193e-09
1.881864222533766024e-09
1.883313483437081418e-09
1.884952085233806604e-09
1.886728474095790351e-09
1.888479334641978976e-09
1.890007262975061331e-09
1.891397400894749173e-09
1.892792188976533637e-09
1.894297291302487783e-09
1.895973040438531369e-09
1.897825224138320143e-09
1.899795197583810099e-09
1.901749273489788387e-09
1.903535943648379698e-09
1.905208508301562932e-09
1.906861867102880582e-09
1.908566270720446486e-09
1.910362283464166470e-09
1.912255423309608401e-09
1.914210452109388202e-09
1.916145250432065779e-09
1.917968905766444181e-09
1.919725704559796960e-09
1.921486412131342190e-09
1.923304963104943545e-09
1.925215327457456256e-09
1.927228244928994518e-09
1.929327719058615702e-09
1.931467322450109599e-09
1.933566298811687255e-09
1.935542117998787935e-09
1.937428997515090390e-09
1.939287055863977372e-09
1.941167103210515570e-09
1.943108908204132395e-09
1.945139399510537359e-09
1.947270747956440648e-09
1.949498364665702809e-09
1.951798775605224732e-09
1.954127392791335771e-09
1.956416192465759167e-09
1.958598570306775934e-09
1.960697431642099916e-09
1.962756190346690563e-09
1.964812548039936340e-09
1.966897539369832409e-09
1.969034522637036952e-09
1.971238096292586134e-09
1.973513024641348419e-09
1.975853024184762726e-09
1.978239563071411456e-09
1.980640566673420119e-09
1.983009068139676131e-09
1.985300338667466652e-09
1.987531201996867384e-09
1.989732493987669858e-09
1.991931256084658852e-09
1.994150121163906713e-09
1.996406755733387280e-09
1.998713228444793880e-09
2.001075328768903332e-09
2.003491926426486066e-09
2.005954213011915182e-09
2.008444983482884087e-09
2.010937866303913325e-09
2.013396478920726718e-09
2.015787254331970176e-09
2.018122922695784342e-09
2.020427005646852362e-09
2.022720704234105569e-09
2.025022563862891618e-09
2.027348140223830132e-09
2.029709621120315614e-09
2.032115498419221476e-09
2.034570134690209505e-09
2.037073380837481534e-09
2.039620166808641830e-09
2.042200025170163302e-09
2.044796670773931341e-09
2.047387516841709458e-09
2.049943184558817924e-09
2.052437223086158774e-09
2.054878621715388849e-09
2.057284823325779865e-09
2.059671845371787525e-09
2.062054152238495089e-09
2.064444390114623111e-09
2.066853256697381933e-09
2.069289232584652464e-09
2.071758389752022370e-09
2.074264191521654243e-09
2.076807192714303101e-09
2.079384874440516346e-09
2.081991326113639227e-09
2.084617019010895624e-09
2.087248517727154412e-09
2.089868240994000979e-09
2.092454089840836355e-09
2.094986604794767901e-09
2.097472243186097729e-09
2.099923667016036862e-09
2.102352693218150798e-09
2.104770149450722303e-09
2.107185774376025752e-09
2.109608103537950257e-09
2.112044353932386253e-09
2.114500303260415703e-09
2.116980121742323592e-09
2.119486298565055203e-09
2.122019469837635195e-09
2.124578260766615505e-09
2.127159184463841702e-09
2.129756459942511613e-09
2.132361844804093972e-09
2.134964488953117923e-09
2.137550800004378859e-09
2.140104208144276152e-09
2.142610340991135019e-09
2.145073819022610393e-09
2.147503809279468707e-09
2.149908958148687890e-09
2.152297285614345288e-09
2.154676114533847339e-09
2.157052027766296629e-09
2.159430816498227853e-09
2.161817346353639246e-09
2.164215569206515533e-09
2.166628366923207382e-09
2.169057506872171430e-09
2.171503602488273545e-09
2.173965917805046996e-09
2.176442429460759979e-09
2.178929619827453024e-09
2.181422402834212402e-09
2.183914121899615634e-09
2.186396332217794272e-09
2.188858774899576810e-09
2.191289257189112686e-09
2.193677351888686811e-09
2.196026348080358219e-09
2.198342820596798228e-09
2.200633034067559057e-09
2.202902803341808409e-09
2.205157545343686499e-09
2.207402201269007893e-09
2.209641155902514545e-09
2.211878274730889077e-09
2.214116808087331629e-09
2.216359346205093238e-09
2.218607834623602242e-09
2.220863404735910069e-09
2.223126461725282763e-09
2.225396553262719549e-09
2.227672332013621750e-09
2.229951521119241425e-09
2.232230879563132051e-09
2.234506079943063382e-09
2.236771741334655729e-09
2.239021308074903628e-09
2.241246968516509304e-09
2.243439674825173474e-09
2.245591797042284666e-09
2.247705825518240854e-09
2.249786672686489686e-09
2.251839069265706543e-09
2.253867482809397496e-09
2.255876109988886529e-09
2.257868861099402101e-09
2.259849297590748776e-09
2.261820692608484205e-09
2.263785897390234448e-09
2.265747382837898970e-09
2.267707214803135068e-09
2.269667001903404996e-09
2.271627845469462384e-09
2.273590383259293281e-09
2.275554712679330811e-09
2.277520344440794469e-09
2.279486204602363013e-09
2.281450620546829340e-09
2.283411239929166269e-09
2.285365048266648002e-09
2.287308260551362756e-09
2.289236405640965566e-09
2.291144165435457502e-09
2.293025441884545991e-09
2.294873253317032471e-09
2.296681797580773120e-09
2.298452895190380407e-09
2.300190180005580647e-09
2.301897212038313507e-09
2.303577323387735646e-09
2.305233746786893700e-09
2.306869459262068029e-09
2.308487293492406055e-09
2.310089870178113360e-09
2.311679528245282947e-09
2.313258437944381330e-09
2.314828438833915671e-09
2.316391171911856079e-09
2.317947915329876486e-09
2.319499698661090317e-09
2.321047211940226307e-09
2.322590817135763334e-09
2.324130492931045253e-09
2.325665879866491543e-09
2.327196221165280040e-09
2.328720417202316772e-09
2.330236866231403102e-09
2.331743582219191868e-09
2.333238128035635721e-09
2.334717476822804563e-09
2.336178250944560801e-09
2.337616464042196721e-09
2.339027590126951704e-09
2.340406594441022379e-09
2.341749331623892252e-09
2.343057321296595298e-09
2.344333523514153867e-09
2.345580720715981050e-09
2.346801665158384072e-09
2.347998925768797199e-09
2.349175042502944908e-09
2.350332324023035183e-09
2.351472970058769263e-09
2.352599026186125323e-09
2.353712418362155667e-09
2.354814901871869162e-09
2.355908030666306905e-09
2.356993191598058855e-09
2.358071628803682934e-09
2.359144336283820458e-09
2.360212114060196754e-09
2.361275592643663384e-09
2.362335101368094717e-09
2.363390837232813737e-09
2.364442665228252980e-09
2.365490208760255376e-09
2.366532897131710476e-09
2.367569825178177051e-09
2.368599840105654518e-09
2.369621549450303752e-09
2.370633201233608257e-09
2.371632753961243107e-09
2.372617819495056932e-09
2.373585757971213405e-09
2.374533490871587085e-09
2.375457595023218260e-09
2.376354351528163769e-09
2.377220719399103835e-09
2.378057914644637287e-09
2.378868168549360944e-09
2.379653745344998197e-09
2.380416671265304878e-09
2.381159058755890607e-09
2.381882896118450161e-09
2.382590052306273593e-09
2.383282301748843008e-09
2.383961402428834859e-09
2.384628945026862297e-09
2.385286422715951089e-09
2.385935302824067284e-09
2.386576845993383687e-09
2.387212303950938839e-09
2.387842711955084983e-09
2.388469088162764448e-09
2.389092224257761690e-09
2.389712886431762726e-09
2.390331617229573332e-09
2.390948872949496554e-09
2.391564954178432023e-09
2.392180013872027637e-09
2.392794052456751249e-09
2.393406886138404412e-09
2.394018247922302452e-09
2.394627596663335070e-09
2.395234325527438424e-09
2.395837556079407665e-09
2.396436280633004122e-09
2.397029289904977921e-09
2.397615181164974160e-09
2.398192325402868272e-09
2.398758971858441839e-09
2.399313077904297934e-09
2.399852399327218522e-09
2.400374471105466414e-09
2.400877406352211178e-09
2.401361977734732183e-09
2.401829749018449381e-09
2.402282144062180302e-09
2.402720605206617576e-09
2.403146538171434344e-09
2.403561293044265031e-09
2.403966199428449992e-09
2.404362521363922204e-09
2.404751440304604502e-09
2.405134168936489866e-09
2.405511760318261754e-09
2.405885235867634938e-09
2.406255627831547776e-09
2.406623800745354748e-09
2.406990610560128460e-09
2.407356799014626949e-09
2.407723140099744295e-09
2.408090154161293114e-09
2.408458479148463908e-09
2.408828538821232424e-09
2.409200728970427378e-09
2.409575320512330550e-09
2.409952475065248730e-09
2.410332294502476377e-09
2.410714741889082268e-09
2.411099792883701927e-09
2.411487140012190979e-09
2.411876576477252233e-09
2.412267652999322635e-09
2.412659876822285695e-09
2.413052599870791139e-09
2.413445141819675376e-09
2.413836645927292892e-09
2.414226122978983370e-09
2.414612544245370844e-09
2.414994711710424470e-09
2.415371222138772420e-09
2.415740725885904230e-09
2.416102074478554235e-09
2.416455925251049410e-09
2.416803306612468154e-09
2.417145297034983733e-09
2.417482893394252575e-09
2.417816975619294924e-09
2.418148569197600486e-09
2.418478514056304183e-09
2.418807644213030290e-09
2.419136837192674700e-09
2.419466812123926613e-09
2.419798294997997202e-09
2.420131984156361438e-09
2.420468481017220673e-09
2.420808424158521935e-09
2.421152317973145339e-09
2.421500669323919073e-09
2.421853924734452148e-09
2.422212461909659615e-09
2.422576620311263061e-09
2.422946664944134418e-09
2.423322889344835022e-09
2.423705404748762296e-09
2.424094312407078232e-09
2.424489667427422126e-09
2.424891406357993415e-09
2.425299486956365664e-09
2.425713744998871236e-09
2.426133855669325688e-09
2.426559618141861907e-09
2.426990559838944754e-09
2.427426329887214493e-09
2.427866282328618668e-09
2.428309812520427231e-09
2.428756269725634455e-09
2.429204786032744882e-09
2.429654461316885386e-09
2.430104325188173505e-09
2.430553298146826189e-09
2.431000489699337107e-09
2.431446457127608150e-09
2.431891840962771534e-09
2.432337386338989654e-09
2.432783868682678915e-09
2.433231903934506575e-09
2.433682135716375131e-09
2.434135216216919494e-09
2.434591633238767774e-09
2.435052053299109799e-09
2.435516937992990482e-09
2.435986776147908094e-09
2.436462036466579385e-09
2.436943175488248570e-09
2.437430594145783601e-09
2.437924636356279519e-09
2.438425627061764713e-09
2.438933851693588570e-09
2.439449574952882300e-09
2.439973000194224000e-09
2.440504227963547944e-09
2.441043494727855962e-09
2.441590751870110478e-09
2.442146044431467132e-09
2.442709431302890817e-09
2.443280781559815747e-09
2.443859975120194170e-09
2.444446841146923718e-09
2.445041197276947517e-09
2.445642661010601404e-09
2.446251021191233863e-09
2.446865825662374142e-09
2.447486627208149083e-09
2.448112920617239606e-09
2.448744162487953611e-09
2.449379686010557266e-09
2.450018867961011696e-09
2.450660916910760678e-09
2.451305019336691343e-09
2.451950542641147498e-09
2.452597810174761295e-09
2.453247303370254709e-09
2.453899590585305979e-09
2.454555111409083751e-09
2.455214326542166145e-09
2.455877674767478791e-09
2.456545595893353493e-09
2.457218440903105451e-09
2.457896646280548180e-09
2.458580513695453375e-09
2.459270363080754657e-09
2.459966488122114321e-09
2.460669200394871309e-09
2.461378627211720495e-09
2.462095114180126971e-09
2.462818776204040794e-09
2.463549765812145700e-09
2.464288205292824980e-09
2.465034186019463344e-09
2.465787813684808787e-09
2.466549001079341679e-09
2.467317880731355649e-09
2.468094344783410743e-09
2.468878320444794269e-09
2.469669700037038377e-09
2.470468340165664113e-09
2.471274061020588446e-09
2.472086669290959540e-09
2.472905910473565526e-09
2.473731467742012440e-09
2.474562960810187982e-09
2.475400160414212183e-09
2.476242510124715195e-09
2.477089603091767917e-09
2.477940966801733257e-09
2.478796013314940751e-09
2.479654232347756786e-09
2.480514947944288337e-09
2.481377663302834046e-09
2.482242549381717945e-09
2.483109984765154693e-09
2.483980183856522722e-09
2.484853517589982527e-09
2.485730216088963924e-09
2.486610616975138463e-09
2.487494915386355110e-09
2.488383338241043061e-09
2.489276094007536693e-09
2.490173423200292130e-09
2.491075394554338976e-09
2.491982235104838153e-09
2.492894024284858626e-09
2.493810949370784374e-09
2.494733048303133549e-09
2.495660388955615741e-09
2.496593017453896478e-09
2.497530957945068595e-09
2.498474265310520946e-09
2.499422787798987222e-09
2.500376639441000780e-09
2.501335673660765880e-09
2.502299798412767244e-09
2.503268843433866588e-09
2.504242827245054726e-09
2.505221421823095189e-09
2.506204487041904764e-09
2.507191802779719416e-09
2.508183149181028006e-09
2.509178252047660041e-09
2.510176727068310012e-09
2.511178353033067715e-09
2.512182715837140385e-09
2.513189426759754278e-09
2.514198067487646665e-09
2.515208245840870433e-09
2.516219371889813335e-09
2.517231019714135476e-09
2.518242723884154676e-09
2.519254662232807012e-09
2.520266990449969354e-09
2.521279908652734143e-09
2.522293604919592476e-09
2.523308255026894359e-09
2.524324022183092120e-09
2.525341056761319538e-09
2.526359554033382517e-09
2.527379492981994810e-09
2.528401158164453830e-09
2.529424558890779940e-09
2.530449718456864042e-09
2.531476822132872728e-09
2.532505865233171937e-09
2.533536886875953399e-09
2.534569970518218662e-09
2.535605005313990393e-09
2.536642043046042178e-09
2.537681090027396599e-09
2.538722045817171322e-09
2.539764944086626682e-09
2.540809650481706075e-09
2.541856073558032843e-09
2.542904104218663353e-09
2.543953615408473536e-09
2.545004461810752350e-09
2.546056479539166338e-09
2.547109485829165006e-09
2.548163341103962698e-09
2.549217668117064550e-09
2.550272413280904683e-09
2.551327221906557573e-09
2.552381749185144760e-09
2.553435819033276722e-09
2.554489044992965368e-09
2.555541082208444333e-09
2.556591564074844394e-09
2.557640101908879634e-09
2.558686449454871523e-09
2.559730550316502856e-09
2.560772696788803045e-09
2.561812880765478186e-09
2.562851442788160630e-09
2.563888355885445289e-09
2.564923877908448371e-09
2.565958060707547280e-09
2.566991012007571684e-09
2.568022830351371830e-09
2.569053604369901131e-09
2.570083412406950797e-09
2.571112389510737477e-09
2.572140458694512697e-09
2.573167733210819977e-09
2.574194282185425881e-09
2.575220061773274625e-09
2.576245186512702437e-09
2.577269589250692411e-09
2.578293258788211671e-09
2.579316102821965681e-09
2.580338223470031495e-09
2.581359503800811072e-09
2.582379952576708051e-09
2.583399356815073023e-09
2.584417699096726366e-09
2.585434879853864957e-09
2.586450856700189182e-09
2.587465326516283396e-09
2.588478360646882405e-09
2.589489698220946081e-09
2.590499098299449651e-09
2.591506519582681265e-09
2.592511691819021923e-09
2.593514400933510366e-09
2.594514417523237416e-09
2.595511496633259440e-09
2.596505377531995652e-09
2.597495783482267832e-09
2.598482571505576226e-09
2.599465672168982404e-09
2.600445305052837529e-09
2.601421647280257450e-09
2.602394759022831538e-09
2.603364879283770175e-09
2.604332054652337224e-09
2.605296323770595945e-09
2.606257942952185250e-09
2.607216936682084714e-09
2.608173396836968818e-09
2.609127407777428050e-09
2.610079046223342567e-09
2.611028381122400183e-09
2.611975550195252818e-09
2.612920453358959040e-09
2.613863211911029101e-09
2.614803939814012039e-09
2.615742471884330202e-09
2.616679060251974574e-09
2.617613521740134463e-09
2.618546014784214997e-09
2.619476455124022253e-09
2.620404827303279510e-09
2.621331027609267624e-09
2.622255179961500568e-09
2.623177162110452689e-09
2.624096921044871385e-09
2.625014474067836515e-09
2.625929588776840462e-09
2.626842262398578244e-09
2.627752402254374145e-09
2.628659986421864055e-09
2.629564739826545796e-09
2.630466660152108512e-09
2.631365531556395666e-09
2.632261331392538809e-09
2.633153740049050015e-09
2.634042755904400512e-09
2.634928175141135165e-09
2.635810086424204513e-09
2.636688628245335080e-09
2.637563851100587924e-09
2.638436050985259194e-09
2.639305353284616985e-09
2.640171710242093391e-09
2.641035320610558191e-09
2.641896294538040188e-09
2.642754737193830945e-09
2.643610833877088082e-09
2.644464509468694672e-09
2.645315938701250989e-09
2.646165249067575450e-09
2.647012520131686326e-09
2.647857696616822284e-09
2.648701020451355815e-09
2.649542469466833265e-09
2.650382014893363684e-09
2.651219883555180246e-09
2.652056035515539757e-09
2.652890511944458764e-09
2.653723348125256814e-09
2.654554573384911149e-09
2.655384211022091996e-09
2.656212278237272422e-09
2.657038786061703298e-09
2.657863828724355624e-09
2.658687226087566308e-09
2.659509059438304661e-09
2.660329404626911962e-09
2.661148060645174097e-09
2.661965135401415863e-09
2.662780504546326855e-09
2.663594264097758719e-09
2.664406276133531870e-09
2.665216394848587684e-09
2.666024742430231290e-09
2.666831159394715322e-09
2.667635605501188596e-09
2.668438174059803125e-09
2.669238989607129768e-09
2.670038173336166163e-09
2.670835843044393090e-09
2.671632113083177488e-09
2.672427094307688320e-09
2.673220894025750349e-09
2.674013615947935361e-09
2.674805454956969970e-09
2.675596318365228366e-09
2.676386395012416257e-09
2.677175871342651508e-09
2.677964643446825749e-09
2.678752937895320352e-09
2.679540737950820527e-09
2.680328263483134404e-09
2.681115489646360344e-09
2.681902386478580577e-09
2.682689211156860026e-09
2.683475925698780536e-09
2.684262584811488672e-09
2.685049238931877260e-09
2.685835934175265452e-09
2.686622613522449189e-09
2.687409511542492509e-09
2.688196661870767692e-09
2.688983894739654037e-09
2.689771334131825722e-09
2.690559000637090324e-09
2.691346910184435121e-09
2.692135174620471216e-09
2.692923599396863068e-09
2.693712286500634197e-09
2.694501334119921604e-09
2.695290531458353943e-09
2.696080017505488121e-09
2.696869672198175808e-09
2.697659625601146741e-09
2.698449667968572113e-09
2.699240089227903480e-09
2.700030891793308818e-09
2.700822073957067136e-09
2.701613941514619312e-09
2.702406486906444448e-09
2.703199803042294472e-09
2.703993979694096029e-09
2.704789103378904430e-09
2.705585257310179398e-09
2.706382521350450490e-09
2.707180971962986584e-09
2.707980682164600265e-09
2.708781721476658880e-09
2.709584155877013763e-09
2.710388047750792914e-09
2.711193563067468359e-09
2.712000542714220371e-09
2.712809144950342362e-09
2.713619525372208359e-09
2.714431511812520235e-09
2.715245360495429195e-09
2.716060836223020372e-09
2.716878299160401448e-09
2.717697507079601734e-09
2.718518704850542275e-09
2.719341805345872252e-09
2.720166716143927584e-09
2.720993671395933604e-09
2.721822570523681106e-09
2.722653307496599876e-09
2.723486105296708849e-09
2.724320849431257721e-09
2.725157531880305284e-09
2.725996140119279926e-09
2.726836657064339393e-09
2.727679061022225442e-09
2.728523325634487057e-09
2.729369419828494809e-09
2.730217326254037741e-09
2.731067097291830181e-09
2.731918914967642801e-09
2.732772615092162427e-09
2.733628372980542861e-09
2.734486246532718791e-09
2.735346405973561473e-09
2.736208671572781028e-09
2.737073322746826770e-09
2.737940171743070442e-09
2.738809375434801475e-09
2.739681029819817348e-09
2.740555051780530225e-09
2.741431647759729192e-09
2.742310727261233074e-09
2.743192194896161818e-09
2.744076306323422682e-09
2.744962958982827119e-09
2.745852045263833697e-09
2.746743811241051109e-09
2.747638141893668528e-09
2.748535037258495493e-09
2.749434493415528043e-09
2.750336502453043354e-09
2.751241052425977663e-09
2.752148127318115842e-09
2.753057707002452905e-09
2.753969767204432446e-09
2.754884279461045863e-09
2.755801211085453851e-09
2.756720525126854900e-09
2.757642180333482201e-09
2.758566131114937149e-09
2.759492451485934748e-09
2.760420840076415654e-09
2.761351365014113318e-09
2.762283966994962232e-09
2.763218707528231859e-09
2.764155268159163642e-09
2.765093844305491380e-09
2.766034194327770152e-09
2.766976594414138705e-09
2.767920749318905194e-09
2.768867057127351770e-09
2.769815215276651114e-09
2.770765490204069083e-09
2.771717635033650876e-09
2.772671911176269577e-09
2.773628192906513806e-09
2.774586349946631656e-09
2.775546635983478869e-09
2.776508914366788470e-09
2.777473173353259284e-09
2.778439397690175468e-09
2.779407437894780457e-09
2.780377533297335303e-09
2.781349527915136235e-09
2.782323392826329296e-09
2.783299095628747734e-09
2.784276600415528367e-09
2.785255867749646006e-09
2.786236854638957414e-09
2.787219514512984001e-09
2.788203931092935421e-09
2.789189783122251760e-09
2.790177146699526088e-09
2.791165960690504509e-09
2.792156160257923455e-09
2.793147812872324687e-09
2.794140577428350617e-09
2.795134515660900762e-09
2.796129686936373652e-09
2.797125737220891397e-09
2.798122717953158500e-09
2.799120678139859273e-09
2.800119250180048488e-09
2.801118613413687692e-09
2.802118321690717674e-09
2.803118704653261661e-09
2.804119398242082220e-09
2.805120679589111325e-09
2.806122405673547205e-09
2.807124429564098365e-09
2.808127023031691248e-09
2.809130034453118687e-09
2.810133308517860419e-09
2.811137112940101014e-09
2.812141289098289926e-09
2.813145817024917480e-09
2.814150531126870557e-09
2.815155691913332509e-09
2.816161128894216469e-09
2.817166811590810344e-09
2.818172706848722564e-09
2.819178778817837849e-09
2.820184988936319531e-09
2.821191295907180490e-09
2.822197655683872018e-09
2.823204021447228635e-09
2.824210343588841763e-09
2.825216569691376135e-09
2.826222644508563605e-09
2.827228657627659438e-09
2.828234252520523524e-09
2.829239512232845160e-09
2.830244369502543678e-09
2.831248754135110349e-09
2.832252742594537005e-09
2.833255959911343599e-09
2.834258476213887572e-09
2.835260360109941754e-09
2.836261225363806300e-09
2.837261134127470009e-09
2.838260146978950830e-09
2.839257866229439245e-09
2.840254498481500892e-09
2.841249561818905223e-09
2.842243428701555647e-09
2.843235699266085729e-09
2.844226679895926106e-09
2.845216062767931669e-09
2.846204155318840030e-09
2.847190800458992818e-09
2.848175837750425310e-09
2.849159571388935159e-09
2.850141837596642209e-09
2.851122469192858681e-09
2.852101767012605299e-09
2.853079560449731833e-09
2.854055833355368199e-09
2.855030567642141588e-09
2.856003584588412925e-09
2.856975179149932361e-09
2.857945169034658130e-09
2.858913528244599711e-09
2.859880228766349290e-09
2.860845240266487394e-09
2.861808529196937422e-09
2.862770059633204013e-09
2.863729793547690059e-09
2.864687690792416907e-09
2.865643709084902729e-09
2.866597803994254305e-09
2.867549928921999600e-09
2.868500035089504686e-09
2.869448071522718881e-09
2.870394149516972152e-09
2.871337885080239125e-09
2.872279384647341453e-09
2.873218588298554678e-09
2.874155433839612799e-09
2.875090023224189070e-09
2.876021957170426681e-09
2.876951333194121960e-09
2.877878250407359416e-09
2.878802303741143042e-09
2.879723603115012848e-09
2.880642318987702246e-09
2.881558129692373048e-09
2.882471387494089900e-09
2.883381766593049697e-09
2.884289618259356120e-09
2.885194527131217858e-09
2.886097014026971141e-09
2.886996659569000094e-09
2.887893812932088771e-09
2.888788135673481329e-09
2.889679975867679257e-09
2.890568990777744293e-09
2.891455527342005652e-09
2.892339412342697111e-09
2.893220469172014839e-09
2.894099042379223348e-09
2.894974952835945622e-09
2.895848193946956488e-09
2.896718581731400882e-09
2.897586458224867167e-09
2.898451636956112576e-09
2.899314105545116961e-09
2.900173850146546122e-09
2.901030677478835373e-09
2.901884926243189834e-09
2.902736400579434992e-09
2.903585080677802860e-09
2.904430945217249930e-09
2.905273971353719476e-09
2.906114134713022841e-09
2.906951409505283181e-09
2.907785768883832592e-09
2.908617184578645367e-09
2.909445626765966056e-09
2.910271064060026083e-09
2.911093463504733889e-09
2.911912790565011040e-09
2.912729009117330939e-09
2.913542092489299402e-09
2.914352241261701507e-09
2.915159113311990700e-09
2.915962918113850059e-09
2.916763680282108316e-09
2.917561423581255841e-09
2.918356357371125879e-09
2.919148131212840275e-09
2.919936952340796653e-09
2.920722841514452369e-09
2.921506008448463101e-09
2.922286098625776564e-09
2.923063320118022894e-09
2.923837881790138139e-09
2.924609424169252293e-09
2.925378154031150889e-09
2.926144278943499309e-09
2.926907434445167805e-09
2.927668017346283364e-09
2.928425659846115135e-09
2.929180758685778426e-09
2.929932846424999541e-09
2.930682512099727954e-09
2.931429285111880002e-09
2.932173562040637155e-09
2.932914964996606542e-09
2.933653890081337349e-09
2.934390149124784475e-09
2.935123551019983166e-09
2.935854489709397279e-09
2.936582772672241649e-09
2.937308204825322440e-09
2.938031179836386901e-09
2.938751501195028733e-09
2.939468969816137753e-09
2.940183979075188523e-09
2.940896328445986574e-09
2.941606013993363246e-09
2.942312831258843925e-09
2.943017178926007188e-09
2.943718879821467767e-09
2.944417961044541823e-09
2.945114449093782434e-09
2.945808370700092751e-09
2.946499553278814050e-09
2.947188430357493264e-09
2.947874829528337773e-09
2.948558779507617374e-09
2.949240308473288437e-09
2.949919444064458720e-09
2.950596213378011645e-09
2.951270642968604644e-09
2.951942758845880732e-09
2.952612586474098758e-09
2.953280150768931388e-09
2.953945476097166496e-09
2.954608586274764112e-09
2.955269504563935650e-09
2.955928253672921396e-09
2.956584855753776146e-09
2.957239540273216964e-09
2.957891906732220547e-09
2.958542178546284040e-09
2.959190370154360369e-09
2.959836495351827818e-09
2.960480778144711907e-09
2.961122809741250576e-09
2.961762812429007414e-09
2.962400797402203586e-09
2.963036775200349288e-09
2.963670968663537459e-09
2.964302961505647120e-09
2.964932974814528047e-09
2.965561230698249773e-09
2.966187308325685401e-09
2.966811428032123235e-09
2.967433811160253337e-09
2.968054033388627958e-09
2.968672540699292689e-09
2.969288934399750290e-09
2.969903468165181674e-09
2.970516396945603623e-09
2.971127322836527545e-09
2.971736717975601374e-09
2.972344181901672619e-09
2.972950077926730215e-09
2.973554222122454994e-09
2.974156978839973266e-09
2.974757942458165815e-09
2.975357587591337084e-09
2.975955506019737778e-09
2.976552173163775564e-09
2.977147400493731494e-09
2.977740997314025856e-09
2.978333439396446852e-09
2.978924531317033666e-09
2.979514074565284575e-09
2.980102541718900979e-09
2.980689733615562833e-09
2.981275448828265228e-09
2.981860160872324582e-09
2.982443667649095110e-09
2.983025764781249441e-09
2.983606926696022642e-09
2.984186948323000982e-09
2.984765850193545108e-09
2.985343423941058070e-09
2.985920145169145705e-09
2.986495804790731786e-09
2.987070421031648405e-09
2.987644011530180436e-09
2.988216594293580805e-09
2.988787959660168134e-09
2.989358590742933745e-09
2.989928278223818669e-09
2.990497042750069077e-09
2.991064904438971409e-09
2.991631884019170546e-09
2.992198006248739741e-09
2.992763296485578132e-09
2.993327779538370019e-09
2.993891479665301077e-09
2.994454420573547988e-09
2.995016625414001852e-09
2.995578116781871208e-09
2.996138916714511505e-09
2.996699046687556384e-09
2.997258527613626444e-09
2.997817379076377372e-09
2.998375617002893929e-09
2.998933255933009507e-09
2.999490309771008991e-09
3.000047031477582802e-09
3.000602954756196569e-09
3.001158330851261712e-09
3.001713171121173243e-09
3.002267486283180964e-09
3.002821286410065026e-09
3.003374823277067599e-09
3.003927621414098068e-09
3.004479930855348851e-09
3.005031759080255701e-09
3.005583112916908371e-09
3.006134243111314666e-09
3.006684666477900647e-09
3.007234632617904953e-09
3.007784394733698677e-09
3.008333468724962754e-09
3.008882106730937702e-09
3.009430314806626964e-09
3.009978346100900417e-09
3.010525710464540974e-09
3.011072907972230795e-09
3.011619445436850105e-09
3.012165573981295836e-09
3.012711545908936857e-09
3.013256861389524531e-09
3.013802011470677637e-09
3.014346482710052625e-09
3.014890512588923649e-09
3.015434339629449241e-09
3.015977445361999727e-09
3.016520319251748569e-09
3.017062311691616276e-09
3.017604164785211228e-09
3.018145225568462188e-09
3.018685983034563286e-09
3.019225907395625465e-09
3.019765487899951147e-09
3.020304447691192680e-09
3.020842507304121911e-09
3.021380156375410002e-09
3.021916856633415765e-09
3.022453097982426453e-09
3.022988597368202964e-09
3.023523069123192836e-09
3.024057003558164010e-09
3.024589853910384417e-09
3.025122110770225591e-09
3.025653485160321566e-09
3.026183686568499219e-09
3.026713207652797892e-09
3.027241757117642383e-09
3.027769303824118799e-09
3.028295552658904875e-09
3.028820996952421156e-09
3.029345340548240846e-09
3.029868549294735010e-09
3.030390323219567781e-09
3.030911156348592781e-09
3.031430747673083009e-09
3.031949060043900553e-09
3.032466055564162693e-09
3.032981428201679534e-09
3.033495672881956257e-09
3.034008484176153466e-09
3.034519829153824683e-09
3.035029674953411029e-09
3.035537987791449255e-09
3.036044733179947356e-09
3.036549605278161424e-09
3.037053109010656802e-09
3.037554937593764895e-09
3.038055053720600312e-09
3.038553419379405627e-09
3.039049995858454909e-09
3.039544743744335667e-09
3.040037622921463293e-09
3.040528592576322849e-09
3.041017611195316737e-09
3.041504636566285888e-09
3.041989625778973811e-09
3.042472535225900917e-09
3.042953320812398095e-09
3.043431938582908154e-09
3.043908344109295697e-09
3.044382492283353824e-09
3.044854337318803422e-09
3.045323832751704285e-09
3.045790931438714714e-09
3.046255865543664323e-09
3.046718027071963142e-09
3.047177646367157883e-09
3.047634673581484503e-09
3.048089058191170568e-09
3.048540748998702554e-09
3.048989694131064778e-09
3.049436124294801410e-09
3.049879420229790898e-09
3.050319810826573514e-09
3.050757241786753166e-09
3.051191659219646949e-09
3.051623294434620139e-09
3.052051521795013538e-09
3.052476577998547850e-09
3.052898442701419838e-09
3.053317102287954551e-09
3.053732830639032543e-09
3.054145037937463685e-09
3.054553996764749383e-09
3.054959981143246199e-09
3.055362397207755500e-09
3.055761517677417410e-09
3.056157616709369300e-09
3.056550096387959712e-09
3.056939229561750277e-09
3.057325290511691586e-09
3.057707676924421493e-09
3.058086660035513494e-09
3.058462512140213220e-09
3.058834625088801250e-09
3.059203269807741958e-09
3.059568718619819471e-09
3.059930359237790031e-09
3.060288758402136704e-09
3.060643301062771275e-09
3.060994554885528045e-09
3.061341902052041419e-09
3.061685613507677677e-09
3.062025961571180167e-09
3.062362324262427529e-09
3.062695271516528123e-09
3.063024028835942223e-09
3.063349466285931019e-09
3.063670807211466744e-09
3.063988625330486221e-09
3.064302292743536327e-09
3.064612384482545177e-09
3.064918572117990829e-09
3.065220524930358062e-09
3.065518819295218227e-09
3.065812820426134018e-09
3.066103105575344304e-09
3.066389044340093486e-09
3.066671250674769798e-09
3.066949432810898053e-09
3.067223296874926018e-09
3.067493465802880683e-09
3.067759645587558934e-09
3.068021540117233159e-09
3.068279774160348820e-09
3.068533743256145676e-09
3.068784072875260329e-09
3.069030464654858478e-09
3.069272927589889875e-09
3.069511160464199573e-09
3.069745791029488037e-09
3.069976517910484685e-09
3.070203037633111913e-09
3.070425979722968936e-09
3.070645040542289860e-09
3.070860226950903357e-09
3.071071232466416554e-09
3.071278688955584722e-09
3.071482289766972356e-09
3.071682040527995872e-09
3.071877631746650111e-09
3.072069697608079902e-09
3.072257928972466295e-09
3.072442332878790394e-09
3.072622916615445627e-09
3.072799370171361903e-09
3.072972333875281847e-09
3.073141497599707214e-09
3.073306867514082712e-09
3.073468449508533181e-09
3.073626249189813718e-09
3.073780271882930121e-09
3.073930202539602487e-09
3.074076685663402796e-09
3.074219406073510341e-09
3.074358367957345821e-09
3.074493579202257528e-09
3.074625063404419469e-09
3.074752847998715126e-09
3.074876959587492202e-09
3.074997421810228434e-09
3.075114257436903216e-09
3.075227489063973301e-09
3.075337139120799166e-09
3.075443229869458902e-09
3.075545783403697687e-09
3.075644821652631907e-09
3.075740366381569717e-09
3.075832439190376532e-09
3.075921061517746588e-09
3.076006254639279744e-09
3.076088039670861349e-09
3.076166437565480071e-09
3.076241469118070217e-09
3.076313154962777898e-09
3.076381515574738642e-09
3.076446572022896123e-09
3.076508348245219513e-09
3.076566868816762978e-09
3.076622158198944266e-09
3.076674240740684148e-09
3.076723473234240265e-09
3.076769215110115765e-09
3.076811822511534257e-09
3.076851319332105697e-09
3.076887729353202799e-09
3.076921076238368467e-09
3.076951383536680765e-09
3.076978674679600533e-09
3.077003308907093079e-09
3.077024637981023124e-09
3.077043020482126942e-09
3.077058479362338845e-09
3.077071037524245206e-09
3.077081056058745413e-09
3.077087882533816588e-09
3.077091878271461632e-09
3.077093067073813838e-09
3.077091472664028534e-09
3.077087458786030175e-09
3.077080369224768896e-09
3.077070567150398214e-09
3.077058075970990851e-09
3.077043260770545211e-09
3.077025461700347621e-09
3.077005043270028324e-09
3.076982371559844951e-09
3.076956783998686020e-09
3.076928646088668643e-09
3.076898324897287202e-09
3.076865154770000333e-09
3.076829500385454026e-09
3.076791382140281473e-09
3.076751166191091970e-09
3.076708181380825807e-09
3.076663139922214345e-09
3.076615368792951501e-09
3.076565234105498287e-09
3.076513103489072964e-09
3.076458301113367960e-09
3.076401193957188595e-09
3.076342150503722398e-09
3.076280492103062413e-09
3.076216936524804938e-09
3.076150803228857974e-09
3.076082460580058118e-09
3.076012278427147739e-09
3.075939574071318017e-09
3.075865072121246994e-09
3.075788091475435602e-09
3.075709358828069909e-09
3.075628191228552282e-09
3.075545316750413964e-09
3.075460050580739584e-09
3.075373122168627003e-09
3.075283844925521711e-09
3.075192949772055613e-09
3.075099570520885359e-09
3.075004794911480702e-09
3.074907755155783040e-09
3.074809185006890045e-09
3.074708392485853607e-09
3.074606112768140724e-09
3.074501652092757634e-09
3.074395746842446401e-09
3.074287700382144860e-09
3.074178249413220498e-09
3.074066695295100174e-09
3.073953776139144835e-09
3.073839151930974914e-09
3.073722480970842751e-09
3.073604503493515015e-09
3.073484516418625474e-09
3.073363261401379480e-09
3.073240395997273586e-09
3.073115576088420864e-09
3.072989545466006357e-09
3.072861596656556818e-09
3.072732474879787454e-09
3.072601835300495199e-09
3.072469331420372874e-09
3.072335710915834396e-09
3.072200629088418338e-09
3.072063739905485465e-09
3.071925794783981104e-09
3.071786447976926226e-09
3.071645352101681065e-09
3.071503260784514675e-09
3.071359826931799233e-09
3.071214701821157269e-09
3.071068641292005623e-09
3.070921296914703563e-09
3.070772688152471758e-09
3.070622461748765786e-09
3.070471362678196900e-09
3.070319024089526747e-09
3.070165448528097193e-09
3.070010266934466988e-09
3.069854223584930344e-09
3.069696946538355137e-09
3.069538434195948896e-09
3.069378311763047921e-09
3.069217323076868614e-09
3.069055093459140689e-09
3.068891620758982380e-09
3.068726902694364919e-09
3.068560561841196109e-09
3.068393345293163460e-09
3.068224875765136981e-09
3.068055150470334024e-09
3.067884166500972784e-09
3.067711543864751792e-09
3.067538032962003131e-09
3.067363253961053465e-09
3.067187203492570341e-09
3.067009879734095371e-09
3.066831287414334739e-09
3.066651432889017536e-09
3.066469942803823606e-09
3.066287582481119707e-09
3.066103978923756481e-09
3.065919138427441966e-09
3.065733067276375636e-09
3.065545771745304773e-09
3.065357258102147042e-09
3.065167532606007738e-09
3.064976601512635045e-09
3.064784471072601478e-09
3.064591147533211773e-09
3.064396637140264786e-09
3.064200561789061217e-09
3.064003696034815960e-09
3.063805655271918432e-09
3.063606411224819428e-09
3.063405928489735434e-09
3.063204171400073182e-09
3.063001104033019382e-09
3.062796690209129199e-09
3.062590893495447620e-09
3.062383677210042404e-09
3.062175004421528865e-09
3.061964837954592546e-09
3.061753140391280033e-09
3.061539874072609474e-09
3.061325001102752808e-09
3.061108483349519247e-09
3.060890282448903122e-09
3.060670359806029755e-09
3.060448676597193228e-09
3.060225587421483115e-09
3.060000280108017987e-09
3.059773118544447824e-09
3.059544075228194336e-09
3.059313122542332682e-09
3.059080232752812554e-09
3.058845378014934587e-09
3.058608530371771275e-09
3.058369661758633744e-09
3.058128744004815033e-09
3.057885748833494147e-09
3.057640647865320223e-09
3.057393808818606733e-09
3.057144411092504638e-09
3.056892821830804151e-09
3.056639012259015196e-09
3.056382953507263433e-09
3.056124615204444691e-09
3.055863961232654305e-09
3.055600953910148897e-09
3.055335954589470873e-09
3.055068127259378599e-09
3.054797833371116569e-09
3.054525038539055552e-09
3.054249709006547838e-09
3.053972211903707451e-09
3.053691711438469976e-09
3.053408574060929629e-09
3.053122765391989014e-09
3.052834250899538447e-09
3.052543398783172791e-09
3.052249368812336110e-09
3.051952528520304467e-09
3.051652842778269038e-09
3.051350277307404084e-09
3.051045206389908861e-09
3.050736791462718908e-09
3.050425407244527590e-09
3.050111024021291730e-09
3.049794018126629670e-09
3.049473547727771782e-09
3.049149988611012914e-09
3.048823310686388562e-09
3.048493891345669668e-09
3.048160885520151084e-09
3.047824670062644297e-09
3.047485623153336695e-09
3.047142897321549451e-09
3.046796870213567466e-09
3.046447511101212969e-09
3.046095199210322285e-09
3.045739083204131155e-09
3.045379538322800009e-09
3.045016940394191590e-09
3.044650432200460777e-09
3.044280388977289232e-09
3.043907187225642616e-09
3.043529967283212344e-09
3.043149105059944358e-09
3.042764977716707093e-09
3.042376723163566172e-09
3.041984724537761270e-09
3.041589392511705403e-09
3.041189902094264032e-09
3.040787084965807189e-09
3.040380114728971372e-09
3.039969408836713009e-09
3.039555386058833178e-09
3.039137219192010738e-09
3.038715749558561332e-09
3.038290155048355973e-09
3.037860862480360414e-09
3.037428300031387989e-09
3.036991643724412699e-09
3.036551739645207057e-09
3.036107762585813457e-09
3.035660141204170702e-09
3.035209305497550391e-09
3.034754428423919194e-09
3.034296359508546846e-09
3.033834270495557549e-09
3.033369012264906311e-09
3.032899755350860222e-09
3.032427351975313532e-09
3.031950971463429781e-09
3.031471465977420898e-09
3.030987996678195148e-09
3.030501410028323598e-09
3.030010864475715960e-09
3.029517207649502884e-09
3.029019596662177570e-09
3.028518244967336024e-09
3.028014002368097536e-09
3.027506236499438880e-09
3.026994525324084300e-09
3.026479719829490024e-09
3.025960973067289255e-09
3.025439137086604683e-09
3.024913363560621825e-09
3.024384505566878002e-09
3.023851717009791165e-09
3.023315870063738677e-09
3.022776136272210841e-09
3.022233397444397439e-09
3.021686828782598462e-09
3.021137313975318337e-09
3.020584454747870406e-09
3.020027851480585985e-09
3.019468389101050489e-09
3.018905239015958815e-09
3.018339286967177525e-09
3.017769702854949281e-09
3.017197373224430215e-09
3.016621896540700132e-09
3.016042869949159023e-09
3.015461181181724420e-09
3.014875996399906283e-09
3.014288204114984270e-09
3.013697400480392630e-09
3.013103180330203849e-09
3.012506433242706811e-09
3.011906753889545093e-09
3.011303735650687075e-09
3.010698269213051696e-09
3.010089947870915974e-09
3.009478363635977814e-09
3.008864408299768600e-09
3.008247239827227961e-09
3.007627750734329165e-09
3.007005532028311881e-09
3.006380173451632217e-09
3.005752568589779849e-09
3.005122307084048766e-09
3.004489412887537272e-09
3.003853473934518160e-09
3.003215385205182061e-09
3.002574733523349020e-09
3.001931100440795586e-09
3.001285375887147337e-09
3.000637141480926027e-09
2.999985982612946073e-09
2.999332797690248981e-09
2.998677173235571391e-09
2.998019132732968767e-09
2.997358261051487366e-09
2.996695457937702085e-09
2.996030308176264010e-09
2.995362834566798274e-09
2.994692620299236943e-09
2.994020566514072945e-09
2.993346256351430907e-09
2.992669712006199931e-09
2.991990515077565184e-09
2.991309570497110350e-09
2.990626471616702828e-09
2.989941254297744363e-09
2.989253512919583514e-09
2.988564165926483760e-09
2.987872807886467352e-09
2.987179474544743630e-09
2.986484201625254295e-09
2.985786582165792058e-09
2.985087536953886590e-09
2.984386659243381492e-09
2.983683984705518375e-09
2.982979549003931681e-09
2.982272943926324599e-09
2.981565092633249574e-09
2.980855587148630656e-09
2.980144463128669244e-09
2.979431753228834234e-09
2.978717478055576489e-09
2.978001209823858162e-09
2.977283856281316199e-09
2.976564989669239844e-09
2.975844627181792014e-09
2.975122785909403460e-09
2.974399482840913087e-09
2.973674733864297386e-09
2.972948103880688862e-09
2.972220497265370729e-09
2.971491478066589002e-09
2.970761056979394021e-09
2.970029244659614120e-09
2.969296051726022420e-09
2.968561488758569563e-09
2.967825566298738154e-09
2.967087848743650866e-09
2.966349256984554653e-09
2.965609368829819790e-09
2.964868210653689826e-09
2.964125808880254215e-09
2.963382189985605602e-09
2.962637380494381791e-09
2.961891406977112571e-09
2.961144296049782129e-09
2.960396074371578298e-09
2.959646768639908376e-09
2.958896405591421937e-09
2.958145011995222986e-09
2.957392163040535571e-09
2.956638788565048871e-09
2.955884464027446808e-09
2.955129216303889998e-09
2.954373070939364326e-09
2.953616048091951543e-09
2.952858166538468331e-09
2.952099445012991781e-09
2.951339902202728860e-09
2.950579556743790764e-09
2.949818427215843534e-09
2.949056532136809974e-09
2.948293889958447946e-09
2.947530519060771048e-09
2.946766437745835236e-09
2.946001664233611201e-09
2.945236216654776313e-09
2.944470111471402668e-09
2.943703358743372189e-09
2.942935966842673327e-09
2.942167944028100656e-09
2.941399298675236728e-09
2.940630039973237998e-09
2.939860177235141973e-09
2.939089719665774804e-09
2.938318676362705442e-09
2.937547056315356416e-09
2.936774868403429711e-09
2.936002121398420095e-09
2.935229281687449384e-09
2.934455442574363674e-09
2.933681070021302130e-09
2.932906172357109117e-09
2.932130757800905559e-09
2.931354834457868665e-09
2.930578410321547620e-09
2.929801493271586357e-09
2.929024091074566040e-09
2.928246212377303398e-09
2.927467869703407202e-09
2.926689076487229038e-09
2.925909846080048395e-09
2.925130191749066404e-09
2.924350587228196019e-09
2.923570124715212991e-09
2.922789277574177145e-09
2.922008058731420475e-09
2.921226481026867686e-09
2.920444557212558442e-09
2.919662299950861890e-09
2.918879721814876191e-09
2.918096835287503733e-09
2.917314115085328187e-09
2.916530649051400708e-09
2.915746911519934526e-09
2.914962912417811263e-09
2.914178650454131612e-09
2.913394112556718818e-09
2.912609283179624820e-09
2.911824610361442816e-09
2.911039151176836938e-09
2.910253353284413047e-09
2.909467200763331183e-09
2.908680677612359767e-09
2.907893767754104980e-09
2.907106919881116604e-09
2.906319188291694460e-09
2.905531021359338564e-09
2.904742402753579187e-09
2.903953316091064120e-09
2.903164210730891485e-09
2.902374138809772726e-09
2.901583552262881728e-09
2.900792448809605026e-09
2.900000829071959281e-09
2.899209160465900320e-09
2.898416510476271541e-09
2.897623346475358182e-09
2.896829669370116225e-09
2.896035480148712998e-09
2.895241247542879024e-09
2.894446037579871574e-09
2.893650318984155216e-09
2.892854093102277830e-09
2.892057829772326074e-09
2.891260593930886083e-09
2.890462855437265006e-09
2.889664616044664707e-09
2.888865877615476959e-09
2.888067109226856703e-09
2.887267363505384563e-09
2.886467098480493375e-09
2.885666303107285445e-09
2.884865436415926640e-09
2.884063547593711705e-09
2.883261092527573534e-09
2.882458515589583832e-09
2.881654846635311922e-09
2.880850526908447323e-09
2.880045527333280070e-09
2.879240290165989016e-09
2.878433844101966013e-09
2.877626631355636320e-09
2.876819094911246208e-09
2.876010262620049300e-09
2.875200577433850672e-09
2.874390011500014162e-09
2.873579012496258468e-09
2.872766611653784878e-09
2.871953257413993356e-09
2.871139399001886120e-09
2.870324066920323659e-09
2.869507710425956950e-09
2.868690779555082820e-09
2.867872304098332366e-09
2.867052734129075826e-09
2.866232520494199464e-09
2.865410692287737459e-09
2.864587700398344148e-09
2.863763996481234965e-09
2.862938608948494056e-09
2.862111989500095597e-09
2.861284590595911504e-09
2.860455440592754545e-09
2.859624995069957265e-09
2.858793710989482954e-09
2.857960619159983400e-09
2.857126652425771464e-09
2.856290841201550860e-09
2.855453643097993826e-09
2.854615516480167524e-09
2.853775491179612506e-09
2.852934025645605402e-09
2.852091579070947782e-09
2.851247181385949702e-09
2.850401772263104351e-09
2.849554384571806999e-09
2.848705482084138945e-09
2.847855529258418383e-09
2.847003558289556270e-09
2.846150510452495647e-09
2.845295412568610571e-09
2.844438723615756423e-09
2.843580903210658218e-09
2.842720976450216547e-09
2.841859881427994389e-09
2.840996642751763066e-09
2.840131720372024071e-09
2.839265574858108430e-09
2.838397230094446558e-09
2.837527625836592987e-09
2.836655785492592408e-09
2.835782649466407211e-09
2.834907240693844675e-09
2.834030020426920394e-09
2.833151450507671275e-09
2.832270553171512989e-09
2.831388271865840730e-09
2.830503635699226791e-09
2.829617596104373524e-09
2.828729183276666802e-09
2.827839349333559427e-09
2.826947124100280980e-09
2.826053460367325560e-09
2.825157387593545015e-09
2.824259859231071227e-09
2.823359904376113033e-09
2.822457995645991718e-09
2.821554606229714597e-09
2.820648764684488865e-09
2.819741426064253537e-09
2.818831618572785109e-09
2.817920297882061342e-09
2.817006496239396325e-09
2.816090948406382199e-09
2.815173178896856228e-09
2.814253915800106208e-09
2.813332198487602946e-09
2.812408996510659253e-09
2.811483348680797601e-09
2.810556224901804456e-09
2.809627146556715806e-09
2.808695634537569356e-09
2.807762659265344182e-09
2.806827258200256106e-09
2.805890402100175427e-09
2.804951127898585069e-09
2.804010406682676613e-09
2.803067274866331211e-09
2.802122703854819512e-09
2.801175729548225219e-09
2.800227326231575082e-09
2.799276542181655539e-09
2.798324364926058548e-09
2.797369844934916045e-09
2.796413970149331296e-09
2.795456275320881385e-09
2.794496294820245748e-09
2.793535017178005508e-09
2.792571491922732348e-09
2.791606707954504835e-09
2.790639714418085743e-09
2.789671500562075851e-09
2.788701600440309677e-09
2.787729547730518020e-09
2.786756332160096132e-09
2.785781001883271650e-09
2.784804546916359125e-09
2.783826499558404266e-09
2.782846387032793550e-09
2.781865192677288244e-09
2.780881956492695949e-09
2.779897663714902670e-09
2.778911362487884794e-09
2.777924046722807924e-09
2.776935251857200659e-09
2.775944512800328417e-09
2.774952823298665140e-09
2.773959717921926050e-09
2.772964730731049079e-09
2.771968855313486418e-09
2.770971138653809987e-09
2.769972574238488940e-09
2.768972695258409067e-09
2.767971034424310072e-09
2.766968584289371838e-09
2.765964873318406886e-09
2.764959428709777410e-09
2.763953238902190823e-09
2.762945343453346895e-09
2.761936730673852956e-09
2.760926926896571858e-09
2.759915457997353301e-09
2.758903312098776951e-09
2.757890014760025848e-09
2.756875091099543419e-09
2.755859529055723916e-09
2.754842853440292196e-09
2.753824588638122275e-09
2.752805722408743833e-09
2.751785778839081257e-09
2.750764281604726005e-09
2.749742220867813402e-09
2.748719132927597792e-09
2.747694556319167556e-09
2.746669494060630031e-09
2.745643484524741059e-09
2.744616065758706732e-09
2.743588240787698922e-09
2.742559547502438517e-09
2.741530012015516124e-09
2.740499171991341808e-09
2.739468031672963653e-09
2.738436129811237212e-09
2.737403004889368030e-09
2.736369661485792432e-09
2.735335638009714320e-09
2.734300472622753338e-09
2.733265170023833765e-09
2.732229265037701773e-09
2.731192768120068369e-09
2.730155197271912152e-09
2.729117537519252238e-09
2.728079306679573337e-09
2.727040511476779735e-09
2.726000669290741617e-09
2.724960765057874584e-09
2.723920315988391182e-09
2.722878839021096899e-09
2.721837319028755374e-09
2.720795272785358426e-09
2.719752706280347164e-09
2.718709135885450096e-09
2.717665546381767257e-09
2.716621453975283737e-09
2.715576864247362669e-09
2.714531296110833058e-09
2.713485749762625421e-09
2.712439759531701580e-09
2.711393349338665703e-09
2.710346053256821660e-09
2.709298874705572707e-09
2.708251347707434652e-09
2.707203496011847315e-09
2.706155343319959299e-09
2.705106423309692893e-09
2.704057739491329139e-09
2.703008825464912100e-09
2.701959704711061959e-09
2.700909910551720519e-09
2.699860446101755812e-09
2.698810842592504114e-09
2.697761120880738100e-09
2.696711299161196556e-09
2.695660894840974663e-09
2.694610893307763849e-09
2.693560809176773768e-09
2.692510647172853459e-09
2.691460411913493849e-09
2.690409617530042807e-09
2.689359249148088833e-09
2.688308820700193407e-09
2.687258336352953784e-09
2.686207800154005410e-09
2.685157216029646263e-09
2.684106097254414404e-09
2.683055428533091290e-09
2.682004722907416167e-09
2.680953983788107404e-09
2.679903214450496651e-09
2.678852420350053875e-09
2.677801125431472238e-09
2.676750327826250318e-09
2.675699553619172469e-09
2.674648819431827606e-09
2.673598141778157838e-09
2.672547537061378050e-09
2.671496530781855021e-09
2.670446120663783180e-09
2.669395831985886673e-09
2.668345680667762210e-09
2.667295682497746171e-09
2.666245853129777942e-09
2.665196208077875582e-09
2.664146271794345287e-09
2.663097041320095558e-09
2.662048040824085179e-09
2.660999284304579987e-09
2.659950781938056735e-09
2.658902543127405425e-09
2.657854578404536527e-09
2.656806898501719789e-09
2.655759022987208220e-09
2.654711944456513910e-09
2.653665182282922158e-09
2.652618746776171408e-09
2.651572648153385656e-09
2.650526896543958121e-09
2.649481501994159884e-09
2.648436474471945805e-09
2.647391823871567713e-09
2.646347068838616131e-09
2.645303201479405641e-09
2.644259740327811890e-09
2.643216693700522583e-09
2.642174064543728828e-09
2.641131854404668239e-09
2.640090064759091825e-09
2.639048697017617156e-09
2.638007752527703250e-09
2.636967232578584713e-09
2.635927138404389789e-09
2.634886979874919513e-09
2.633847740742349748e-09
2.632808930796096117e-09
2.631770551087438590e-09
2.630732602630822786e-09
2.629695086406546239e-09
2.628658003364575838e-09
2.627621354427425588e-09
2.626585140493082763e-09
2.625549365609614183e-09
2.624514046510546151e-09
2.623479203143060792e-09
2.622444855503677834e-09
2.621411023641568289e-09
2.620377727661295734e-09
2.619344987724326741e-09
2.618312330298477026e-09
2.617280747212007716e-09
2.616249753761680205e-09
2.615219356860380600e-09
2.614189563579401331e-09
2.613160381149685241e-09
2.612131816965070606e-09
2.611103878583491381e-09
2.610076573729361958e-09
2.609049910295840333e-09
2.608023892968649904e-09
2.606998513074371402e-09
2.605973758674860016e-09
2.604949617940259216e-09
2.603926079149920168e-09
2.602903130693796355e-09
2.601880761072806300e-09
2.600858958899183048e-09
2.599837712898047463e-09
2.598817011906703471e-09
2.597796844875290292e-09
2.596777200866858955e-09
2.595758069056371821e-09
2.594739438731835407e-09
2.593721299292315982e-09
2.592703640248066537e-09
2.591686451219482471e-09
2.590669724371910619e-09
2.589653461737899180e-09
2.588637667936047089e-09
2.587622347735759469e-09
2.586607506056842321e-09
2.585593147967335717e-09
2.584579278680219974e-09
2.583565903552281168e-09
2.582553028080930633e-09
2.581540657901417354e-09
2.580528798784254201e-09
2.579517456631147783e-09
2.578506633719854068e-09
2.577496317464595043e-09
2.576486491706531031e-09
2.575477140471360560e-09
2.574468247968276874e-09
2.573459797937371646e-09
2.572452263408997296e-09
2.571444641771963514e-09
2.570437405738628020e-09
2.569430536468607781e-09
2.568424015286075768e-09
2.567417823677832380e-09
2.566411943291822726e-09
2.565406355935983123e-09
2.564401043576168591e-09
2.563395988334662277e-09
2.562391172487946201e-09
2.561386578465573810e-09
2.560382188847872897e-09
2.559377986364083205e-09
2.558373953890292609e-09
2.557370074447557350e-09
2.556366330693161143e-09
2.555363195122218023e-09
2.554359664676241833e-09
2.553356211602180430e-09
2.552352816545535698e-09
2.551349460273557684e-09
2.550346123673578244e-09
2.549342787750883122e-09
2.548339433625984323e-09
2.547336042532566633e-09
2.546332595814720289e-09
2.545329074924632734e-09
2.544325461420325031e-09
2.543322228640630892e-09
2.542318374985946475e-09
2.541314374000043624e-09
2.540310207638749449e-09
2.539305857111434591e-09
2.538301300362866157e-09
2.537296514592703506e-09
2.536291477094128687e-09
2.535286165251865348e-09
2.534281048146172425e-09
2.533275120116772197e-09
2.532268850427498551e-09
2.531262216809915276e-09
2.530255197077790955e-09
2.529247769124307644e-09
2.528239910920298982e-09
2.527231600512108615e-09
2.526222816019315041e-09
2.525214027130149568e-09
2.524204229093061448e-09
2.523193891745378399e-09
2.522182995476964618e-09
2.521171528755463220e-09
2.520159482140468254e-09
2.519146846282976816e-09
2.518134103307319069e-09
2.517120261250703300e-09
2.516105802423653479e-09
2.515090717813806049e-09
2.514074998485531277e-09
2.513058635577095607e-09
2.512041620296843815e-09
2.511024435164220050e-09
2.510006089008645806e-09
2.508987064495646983e-09
2.507967353081868124e-09
2.506946946277432650e-09
2.505925835641733756e-09
2.504904500953492841e-09
2.503881936990497935e-09
2.502858608946606987e-09
2.501834490875149414e-09
2.500809556809690393e-09
2.499783785004402289e-09
2.498757661581305545e-09
2.497730204028494776e-09
2.496701902636099767e-09
2.495672756689761138e-09
2.494642765436675876e-09
2.493611928092342578e-09
2.492580734583986629e-09
2.491548202568662143e-09
2.490514821970405721e-09
2.489480591930492220e-09
2.488445511583024838e-09
2.487410072704663775e-09
2.486373303710580217e-09
2.485335706891136524e-09
2.484297293980548532e-09
2.483258076756969021e-09
2.482218557408609334e-09
2.481177767036736815e-09
2.480136207966265984e-09
2.479093892166689317e-09
2.478050831657721558e-09
2.477007528662344589e-09
2.475963014950449078e-09
2.474917792887575279e-09
2.473871874690561697e-09
2.472825762594717271e-09
2.471778488915814798e-09
2.470730556020454980e-09
2.469681975792495590e-09
2.468632758136337136e-09
2.467583402209899572e-09
2.466532937940137083e-09
2.465481864565143692e-09
2.464430191548021943e-09
2.463378417884105721e-09
2.462325573918338049e-09
2.461272158679268247e-09
2.460218181593321260e-09
2.459163652920914888e-09
2.458109075567593157e-09
2.457053485311257335e-09
2.455997385686655894e-09
2.454940790761686733e-09
2.453884203500180748e-09
2.452826659534007499e-09
2.451768660858191127e-09
2.450710217287197339e-09
2.449651826559203894e-09
2.448592519761751900e-09
2.447532794379480813e-09
2.446472658870231746e-09
2.445412610109153906e-09
2.444351679036566382e-09
2.443290362276299817e-09
2.442228667662832015e-09
2.441167091199179265e-09
2.440104663694826328e-09
2.439041880902698052e-09
2.437979238165841367e-09
2.436915766203304137e-09
2.435851960108270150e-09
2.434787826618188363e-09
2.433723861906434154e-09
2.432659105192595148e-09
2.431594061032909290e-09
2.430528745911318503e-09
2.429463663783126013e-09
2.428397855586054640e-09
2.427331825075095897e-09
2.426266075596986306e-09
2.425199648096988440e-09
2.424133045721852191e-09
2.423066284015427476e-09
2.421999865506268273e-09
2.420932831159342666e-09
2.419865683304625453e-09
2.418798923852166163e-09
2.417731593571176451e-09
2.416664193094365273e-09
2.415597220366978922e-09
2.414529704708662195e-09
2.413462133461625788e-09
2.412394507135780227e-09
2.411327312565812513e-09
2.410259577280503218e-09
2.409191788078257546e-09
2.408124431411638970e-09
2.407056535122729336e-09
2.405988585666433865e-09
2.404921069165096430e-09
2.403853013833912340e-09
2.402784905831804223e-09
2.401717230995764696e-09
2.400649017966332370e-09
2.399580752646106454e-09
2.398512920624384053e-09
2.397444552720497926e-09
2.396376143165062396e-09
2.395308187610965157e-09
2.394239725980621077e-09
2.393171254081558851e-09
2.392103267440299861e-09
2.391034806584069035e-09
2.389966367207974193e-09
2.388898444726777996e-09
2.387830080294715724e-09
2.386761769504342171e-09
2.385694007667604344e-09
2.384625836580131299e-09
2.383557751736203399e-09
2.382490248346624968e-09
2.381422368857179511e-09
2.380354608661837680e-09
2.379287462054942273e-09
2.378219968074997432e-09
2.377152617126747500e-09
2.376085898360198960e-09
2.375018845895842867e-09
2.373951944382112974e-09
2.372885678232812425e-09
2.371819081456295538e-09
2.370753122070692962e-09
2.369686834644215946e-09
2.368620703929879929e-09
2.367555214433454409e-09
2.366489401554026263e-09
2.365423750083110395e-09
2.364358744554584317e-09
2.363293421182615933e-09
2.362228747368744711e-09
2.361163760284444605e-09
2.360098946854573574e-09
2.359034794155782598e-09
2.357970342275792386e-09
2.356906078542991861e-09
2.355842489999579515e-09
2.354778617501970865e-09
2.353715430196548997e-09
2.352651969436096113e-09
2.351588722436673730e-09
2.350526176104263546e-09
2.349463372511183225e-09
2.348401280169623095e-09
2.347338941614099569e-09
2.346276843844236980e-09
2.345215473524532401e-09
2.344153873855590671e-09
2.343093011611582328e-09
2.342031925460324585e-09
2.340971096116009801e-09
2.339911003919993565e-09
2.338850687124754949e-09
2.337791106635027026e-09
2.336731301067892710e-09
2.335671750641931240e-09
2.334612934515505851e-09
2.333553888508512117e-09
2.332495568486119142e-09
2.331437009892251126e-09
2.330378688305721652e-09
2.329321078872220122e-09
2.328263217470907948e-09
2.327206058765090996e-09
2.326148638930540271e-09
2.325091914064656663e-09
2.324034930212666199e-09
2.322978173461347708e-09
2.321922129486175626e-09
2.320865846772225435e-09
2.319810289883467545e-09
2.318754507662716508e-09
2.317699464243928759e-09
2.316644208831586202e-09
2.315589226699343332e-09
2.314535002706412759e-09
2.313480586605738492e-09
2.312426941454555399e-09
2.311373117374477754e-09
2.310320076991173830e-09
2.309266870797432865e-09
2.308214460985479665e-09
2.307161896253820507e-09
2.306109649988733286e-09
2.305058192964696277e-09
2.304006563547151645e-09
2.302955709749309054e-09
2.301904670262912742e-09
2.300854392611007891e-09
2.299803915812606131e-09
2.298754186897762510e-09
2.297704245213652713e-09
2.296655037294533793e-09
2.295605602815416272e-09
2.294556411418133660e-09
2.293507931892206210e-09
2.292459202446719928e-09
2.291411166036869419e-09
2.290362860868509307e-09
2.289315231688444954e-09
2.288267328254530926e-09
2.287220106056671781e-09
2.286172617552492367e-09
2.285125817870143862e-09
2.284078759955617721e-09
2.283032398584246947e-09
2.281985787202774564e-09
2.280939880241552938e-09
2.279893731659040113e-09
2.278848295547273238e-09
2.277802626385715443e-09
2.276757677933889678e-09
2.275712505201051712e-09
2.274668061618460766e-09
2.273623402732448983e-09
2.272579481649605954e-09
2.271535352099245803e-09
2.270491481110300197e-09
2.269448332948432003e-09
2.268404950305892290e-09
2.267362271236123710e-09
2.266319338936741672e-09
2.265276854394131156e-09
2.264234334763016191e-09
2.263192480603703091e-09
2.262150336136245102e-09
2.261108838300681161e-09
2.260067031832612275e-09
2.259025853299196767e-09
2.257984820567444307e-09
2.256943451988003003e-09
2.255902683563765376e-09
2.254861561327593169e-09
2.253821022952150503e-09
2.252780124070030811e-09
2.251739806381335149e-09
2.250699122297199160e-09
2.249659012060209327e-09
2.248618528707633590e-09
2.247578612194087082e-09
2.246538316179476442e-09
2.245498580322634387e-09
2.244458458902374431e-09
2.243418891273659942e-09
2.242378932330690000e-09
2.241339521116292198e-09
2.240299713136510848e-09
2.239260447113968206e-09
2.238220779162674339e-09
2.237181647676807447e-09
2.236142108194478740e-09
2.235103092866454390e-09
2.234064121878345385e-09
2.233024715939219147e-09
2.231985805463713821e-09
2.230946441531434635e-09
2.229907554175761433e-09
2.228868195044560944e-09
2.227829293781637416e-09
2.226789902599755759e-09
2.225750950744752876e-09
2.224711490991359919e-09
2.223672452178795377e-09
2.222633356283106395e-09
2.221593725801623964e-09
2.220554488948172532e-09
2.219514699888597145e-09
2.218475287348704036e-09
2.217435310746000425e-09
2.216395703079304106e-09
2.215355525270970213e-09
2.214315709893388391e-09
2.213275785962364023e-09
2.212235283199698669e-09
2.211195134394912331e-09
2.210154402901913391e-09
2.209114021197346164e-09
2.208073053151512170e-09
2.207032430748461812e-09
2.205991685024683182e-09
2.204950347533305257e-09
2.203909349516074828e-09
2.202867756152606175e-09
2.201826498187099019e-09
2.200784639373753877e-09
2.199743100171308951e-09
2.198701400808046166e-09
2.197659062022313484e-09
2.196617001509471116e-09
2.195574274508860494e-09
2.194531798173801127e-09
2.193488628250229218e-09
2.192445681346564425e-09
2.191402478539845879e-09
2.190358541429181551e-09
2.189314785799923229e-09
2.188270268680794260e-09
2.187225905304552973e-09
2.186181217368488713e-09
2.185135727100230235e-09
2.184090348896735616e-09
2.183044144732864192e-09
2.181998046667961305e-09
2.180951598925355170e-09
2.179904346298487973e-09
2.178857223731825420e-09
2.177809312870670735e-09
2.176761548149583234e-09
2.175713474584724311e-09
2.174664637768742342e-09
2.173615971360993581e-09
2.172566558497688690e-09
2.171517333973095576e-09
2.170467851889180006e-09
2.169417668592076044e-09
2.168367726383007239e-09
2.167317119867112514e-09
2.166266790825618251e-09
2.165216291360412163e-09
2.164165156221988966e-09
2.163114299458602549e-09
2.162062790257278914e-09
2.161011542079026240e-09
2.159960085317703447e-09
2.158907950947522271e-09
2.157856051553026858e-09
2.156803917963238477e-09
2.155751081595430374e-09
2.154698454159887926e-09
2.153645107181081212e-09
2.152591951785887191e-09
2.151538519553893451e-09
2.150484342664297571e-09
2.149430331366275013e-09
2.148376017700045019e-09
2.147320937740483400e-09
2.146266018011262516e-09
2.145210811629374961e-09
2.144154872347313860e-09
2.143099129302059145e-09
2.142042678057466135e-09
2.140986447199757231e-09
2.139929990748383211e-09
2.138872863361013913e-09
2.137815992783238688e-09
2.136758933566847843e-09
2.135701240902147701e-09
2.134643841673764945e-09
2.133586290954701761e-09
2.132528144455314166e-09
2.131470328175836694e-09
2.130412397561989191e-09
2.129353907148709813e-09
2.128295776189524680e-09
2.127237097953172277e-09
2.126178789986375901e-09
2.125120401714319745e-09
2.124061483156667815e-09
2.123002950798787554e-09
2.121944354431233380e-09
2.120885244447414314e-09
2.119826536278684826e-09
2.118767780096367938e-09
2.117708526682696778e-09
2.116649690420526826e-09
2.115590821875996892e-09
2.114531472233194373e-09
2.113472554830326283e-09
2.112413620640355403e-09
2.111354220650224278e-09
2.110295264104561624e-09
2.109236298727650331e-09
2.108176872869262451e-09
2.107117894109903916e-09
2.106058910585668243e-09
2.104999471063419659e-09
2.103940482067330881e-09
2.102881492151584351e-09
2.101822050504649572e-09
2.100763062591233096e-09
2.099704077386848015e-09
2.098645096052760369e-09
2.097585668343979799e-09
2.096526698302778597e-09
2.095467735468148600e-09
2.094408330019869099e-09
2.093349385325381900e-09
2.092290453355211818e-09
2.091231087126533909e-09
2.090172190934663288e-09
2.089113318055924079e-09
2.088054024323474291e-09
2.086995215788304173e-09
2.085936448490055453e-09
2.084877728457045901e-09
2.083818612468481233e-09
2.082760005007966859e-09
2.081701462578257292e-09
2.080642542309343623e-09
2.079584147504157914e-09
2.078525835015274731e-09
2.077467162325220033e-09
2.076409031550725306e-09
2.075351000605509218e-09
2.074293078533953833e-09
2.073234827555185906e-09
2.072177152465030170e-09
2.071119615208959285e-09
2.070061778371598860e-09
2.069004545559828468e-09
2.067947479081665347e-09
2.066890141884899654e-09
2.065833436379951283e-09
2.064776925234371938e-09
2.063720617682360542e-09
2.062664077151589051e-09
2.061608204442931954e-09
2.060552562697848857e-09
2.059497160926443874e-09
2.058441563028329004e-09
2.057386666437757362e-09
2.056332026061398349e-09
2.055277195698028742e-09
2.054223062830124380e-09
2.053169180937087192e-09
2.052115548126867670e-09
2.051061718610283175e-09
2.050008578166882479e-09
2.048955680678622814e-09
2.047903024475895948e-09
2.046850166811232750e-09
2.045797994932275796e-09
2.044746066329822023e-09
2.043693939151574263e-09
2.042642499427146263e-09
2.041591305030167381e-09
2.040540356551648240e-09
2.039489215707255423e-09
2.038438782140665451e-09
2.037388632536335140e-09
2.036338785610256515e-09
2.035288818899906887e-09
2.034239633586297385e-09
2.033190806997886288e-09
2.032142357789688765e-09
2.031093864160749184e-09
2.030046225815967012e-09
2.028999020759509899e-09
2.027952267614418757e-09
2.026905545271655512e-09
2.025859751984609978e-09
2.024814466462481480e-09
2.023769707323210950e-09
2.022725054177135305e-09
2.021681399643779243e-09
2.020638302126849727e-09
2.019595755001842696e-09
2.018553313340025740e-09
2.017511847255585711e-09
2.016470911619031811e-09
2.015430499763561270e-09
2.014390167443715199e-09
2.013350783303593973e-09
2.012311902907492123e-09
2.011273519568240453e-09
2.010235189745037867e-09
2.009197780630727787e-09
2.008160848503457891e-09
2.007124386481245128e-09
2.006088386913840948e-09
2.005052406014537931e-09
2.004017312245433972e-09
2.002982682719944380e-09
2.001948534921011580e-09
2.000914451134122980e-09
1.999881319539939940e-09
1.998848722305656009e-09
1.997816677038734074e-09
1.996785201379076560e-09
1.995753878673740560e-09
1.994723595458864695e-09
1.993693934966732266e-09
1.992664914968336041e-09
1.991636119664689150e-09
1.990608434279056853e-09
1.989581442897226848e-09
1.988555163420840945e-09
1.987529613783438696e-09
1.986504376391483500e-09
1.985480320530377695e-09
1.984457014182501568e-09
1.983434458227114195e-09
1.982412653558404022e-09
1.981391169284212037e-09
1.980370870105196493e-09
1.979351324973301301e-09
1.978332534830781960e-09
1.977314500628235255e-09
1.976296792422764307e-09
1.975280273158204106e-09
1.974264512720375965e-09
1.973249512076915764e-09
1.972234842012067183e-09
1.971221364033833113e-09
1.970208648738504429e-09
1.969196698299379905e-09
1.968185519774002989e-09
1.967175120463252162e-09
1.966165074661804442e-09
1.965156243175975746e-09
1.964148199110622364e-09
1.963140944834935154e-09
1.962134482694924065e-09
1.961128386796980368e-09
1.960123516043634850e-09
1.959119444309203750e-09
1.958116173831964600e-09
1.957113706819932942e-09
1.956111618125009811e-09
1.955110764715669774e-09
1.954110721197866600e-09
1.953111489642974692e-09
1.952113072077002562e-09
1.951115470455980483e-09
1.950118260428651597e-09
1.949122296554645402e-09
1.948127154219020956e-09
1.947132835197230453e-09
1.946139341217781521e-09
1.945146248586494840e-09
1.944154409857633274e-09
1.943163401058413562e-09
1.942173223713650105e-09
1.941183879293252777e-09
1.940195369210883171e-09
1.939207270506291615e-09
1.938220433284033182e-09
1.937234434287579889e-09
1.936249274690355675e-09
1.935264955338879397e-09
1.934281475962181988e-09
1.933298412696330537e-09
1.932316611570330219e-09
1.931335648404788321e-09
1.930355522385861277e-09
1.929376232626299446e-09
1.928397777816294174e-09
1.927419732970811504e-09
1.926442939505715004e-09
1.925466971784467136e-09
1.924491826493041569e-09
1.923517500251592382e-09
1.922543989613979263e-09
1.921571291067106181e-09
1.920598980036566523e-09
1.919627895035456424e-09
1.918657610724036126e-09
1.917688121040316646e-09
1.916719419396133209e-09
1.915751499131882415e-09
1.914783933563048446e-09
1.913817555966363553e-09
1.912851939340323901e-09
1.911887076737853114e-09
1.910922961139808776e-09
1.909959585455130077e-09
1.908996942520660389e-09
1.908034606357682782e-09
1.907073407319670741e-09
1.906112919112554242e-09
1.905153134287300966e-09
1.904194045324409426e-09
1.903235644634137263e-09
1.902277925815596704e-09
1.901320469896993712e-09
1.900364111888729357e-09
1.899408433779732735e-09
1.898453435207581278e-09
1.897499115748926431e-09
1.896545474920347300e-09
1.895592512179119519e-09
1.894640226924255425e-09
1.893688202332318194e-09
1.892737270190154615e-09
1.891787013391449876e-09
1.890837429675256734e-09
1.889888511061281986e-09
1.888940248308274169e-09
1.887992632379508429e-09
1.887045654450796114e-09
1.886098890048534563e-09
1.885153155190613372e-09
1.884208020318462798e-09
1.883263471068716853e-09
1.882319493309517549e-09
1.881376073142446366e-09
1.880433196904006561e-09
1.879490851166187716e-09
1.878548609307895606e-09
1.877607285398197607e-09
1.876666453112619019e-09
1.875726099956681474e-09
1.874786213664373063e-09
1.873846782194830102e-09
1.872907793728704564e-09
1.871969236664309833e-09
1.871031099612916530e-09
1.870092959778210600e-09
1.869155631498435155e-09
1.868218693574199598e-09
1.867282137058644391e-09
1.866345953191441705e-09
1.865410133392065481e-09
1.864474669253339003e-09
1.863539552534319496e-09
1.862604775153333469e-09
1.861669918834633934e-09
1.860735796656267164e-09
1.859801990451860543e-09
1.858868492701427855e-09
1.857935296005831696e-09
1.857002393078651050e-09
1.856069776737784574e-09
1.855137439897001370e-09
1.854205377332315896e-09
1.853273590929642046e-09
1.852341675618401004e-09
1.851410452255010009e-09
1.850479515373764677e-09
1.849548868207349500e-09
1.848618513899037777e-09
1.847688455510373643e-09
1.846758696028535211e-09
1.845829238372909627e-09
1.844900085401608569e-09
1.843971239917186952e-09
1.843042704672167055e-09
1.842114075655873800e-09
1.841186169145518733e-09
1.840258580880494155e-09
1.839331313459913633e-09
1.838404370718092661e-09
1.837477761520494964e-09
1.836551495978139805e-09
1.835625584187145615e-09
1.834700036230735288e-09
1.833774862181568619e-09
1.832850072103290998e-09
1.831925676052150338e-09
1.831001684078056071e-09
1.830077701770474266e-09
1.829154548254587529e-09
1.828231828936704287e-09
1.827309553849084008e-09
1.826387733020047539e-09
1.825466376473917758e-09
1.824545494230460603e-09
1.823625096304353611e-09
1.822705190113011776e-09
1.821785772698880388e-09
1.820866838496774729e-09
1.819948381923067256e-09
1.819030397374249973e-09
1.818112878562692259e-09
1.817195414535882439e-09
1.816278799914789528e-09
1.815362622968457272e-09
1.814446874181886436e-09
1.813531544068863669e-09
1.812616623171037545e-09
1.811702102056582871e-09
1.810787971319208283e-09
1.809874221576622644e-09
1.808960843469767428e-09
1.808047827661152844e-09
1.807135167288062944e-09
1.806222865326307694e-09
1.805310927231035285e-09
1.804399358481795120e-09
1.803488164581219898e-09
1.802577351053510439e-09
1.801666524406179624e-09
1.800756488451695088e-09
1.799846849558470193e-09
1.798937613323058418e-09
1.798028785356346419e-09
1.797120371282270248e-09
1.796212376736159540e-09
1.795304807363252110e-09
1.794397668817298079e-09
1.793490966758936329e-09
1.792584706853998989e-09
1.791678894016831838e-09
1.790773530141453694e-09
1.789868616365001945e-09
1.788964153821311875e-09
1.788060143639417399e-09
1.787156586941912622e-09
1.786253484843145901e-09
1.785350838447911036e-09
1.784448648849436187e-09
1.783546917127934241e-09
1.782645643686350311e-09
1.781744826291108146e-09
1.780844067109174943e-09
1.779944153562137541e-09
1.779044687787624901e-09
1.778145667174139943e-09
1.777247089182883179e-09
1.776348950310160106e-09
1.775451242974299375e-09
1.774553958623500012e-09
1.773657088771379452e-09
1.772760624995002981e-09
1.771864558932729353e-09
1.770968882282042946e-09
1.770073586797066440e-09
1.769178664285618734e-09
1.768284106606458166e-09
1.767389905666080700e-09
1.766496053415368812e-09
1.765602541846205219e-09
1.764709362987752841e-09
1.763816508902680583e-09
1.762923971683162467e-09
1.762031743446958042e-09
1.761139818549244945e-09
1.760248200229317463e-09
1.759356893960443179e-09
1.758465905229619223e-09
1.757575239532563479e-09
1.756684902368975675e-09
1.755794899237391281e-09
1.754905235630274676e-09
1.754015917028507846e-09
1.753126948896133039e-09
1.752238336674951681e-09
1.751350085778724809e-09
1.750462201587575955e-09
1.749574689442073495e-09
1.748687554637223867e-09
1.747800803557435549e-09
1.746914447075829568e-09
1.746028494308855271e-09
1.745142943106317868e-09
1.744257788415514042e-09
1.743373025072066127e-09
1.742488647802715297e-09
1.741604651228546324e-09
1.740721029867492904e-09
1.739837778137073969e-09
1.738954890357099811e-09
1.738072360751971846e-09
1.737190183453325047e-09
1.736308352502174271e-09
1.735426861851238012e-09
1.734545705367062191e-09
1.733664876832307308e-09
1.732784369947534533e-09
1.731904178333319155e-09
1.731024298388463787e-09
1.730144737863177623e-09
1.729265507295218681e-09
1.728386617155994341e-09
1.727508077851781025e-09
1.726629899725642628e-09
1.725752093058652688e-09
1.724874668071457539e-09
1.723997634925726991e-09
1.723121003725311751e-09
1.722244784517779920e-09
1.721368987295475571e-09
1.720493621996935715e-09
1.719618698507923238e-09
1.718744226662626315e-09
1.717870216244849343e-09
1.716996676988940832e-09
1.716123615800776944e-09
1.715251028416330958e-09
1.714378907739893515e-09
1.713507246942775986e-09
1.712636040424770408e-09
1.711765282873424897e-09
1.710894968950893121e-09
1.710025093297186159e-09
1.709155650533280631e-09
1.708286635264311611e-09
1.707418042082855506e-09
1.706549865571811743e-09
1.705682100307769395e-09
1.704814740863848134e-09
1.703947781812917614e-09
1.703081217730563331e-09
1.702215043198064060e-09
1.701349255872554171e-09
1.700483865692757617e-09
1.699618885684386353e-09
1.698754328896581395e-09
1.697890208404831945e-09
1.697026537313829783e-09
1.696163328760392934e-09
1.695300595916270024e-09
1.694438351991282729e-09
1.693576610235879292e-09
1.692715383944241198e-09
1.691855063567999219e-09
1.690994908097794291e-09
1.690135308264485855e-09
1.689276277565448799e-09
1.688417829555997466e-09
1.687559977852197856e-09
1.686702732690630285e-09
1.685846090600223841e-09
1.684990044730567302e-09
1.684134588297081649e-09
1.683279714583981375e-09
1.682425416946925388e-09
1.681571688815763253e-09
1.680718523697144532e-09
1.679865914932632561e-09
1.679013854960477397e-09
1.678162336040714065e-09
1.677311350500455941e-09
1.676460890735814433e-09
1.675610949214117682e-09
1.674761518476042830e-09
1.673912591137539421e-09
1.673064159892038385e-09
1.672216220619942252e-09
1.671369154581708670e-09
1.670522227456986591e-09
1.669675823968758563e-09
1.668829955889651176e-09
1.667984635086914692e-09
1.667139873524228781e-09
1.666295683263667487e-09
1.665452076467505170e-09
1.664609065400163692e-09
1.663766662429802460e-09
1.662924880030303045e-09
1.662083730782725221e-09
1.661243227377234298e-09
1.660403382614528840e-09
1.659564209407465653e-09
1.658725720782601037e-09
1.657887928024173881e-09
1.657050835102557035e-09
1.656214813957206340e-09
1.655379127335421888e-09
1.654544147584388630e-09
1.653709877283893267e-09
1.652876319133018692e-09
1.652043475951113864e-09
1.651211350678468577e-09
1.650379946377030422e-09
1.649549266231007385e-09
1.648719313547241114e-09
1.647890091755674690e-09
