# L, N_L^kk = [L(L+1)]^4 C_L^phiphi / 4
0.000000000000000000e+00 0.000000000000000000e+00
1.000000000000000000e+00 0.000000000000000000e+00
2.000000000000000000e+00 2.583782024864983206e-08
3.000000000000000000e+00 2.210611349216203787e-08
4.000000000000000000e+00 2.105131453972767862e-08
5.000000000000000000e+00 2.063984011565044431e-08
6.000000000000000000e+00 2.048890441551594787e-08
7.000000000000000000e+00 2.044439005781603661e-08
8.000000000000000000e+00 2.046169888912303469e-08
9.000000000000000000e+00 2.050680658894539698e-08
1.000000000000000000e+01 2.057131349677495354e-08
1.100000000000000000e+01 2.064362550545960793e-08
1.200000000000000000e+01 2.072227449822720804e-08
1.300000000000000000e+01 2.080221776764788747e-08
1.400000000000000000e+01 2.088365849544061579e-08
1.500000000000000000e+01 2.096402840913497979e-08
1.600000000000000000e+01 2.104393447020671160e-08
1.700000000000000000e+01 2.112191416418786514e-08
1.800000000000000000e+01 2.118824206822526988e-08
1.900000000000000000e+01 2.127316186109216523e-08
2.000000000000000000e+01 2.134464886453408444e-08
2.100000000000000000e+01 2.141693484089563233e-08
2.200000000000000000e+01 2.148273971632374031e-08
2.300000000000000000e+01 2.155322421821110894e-08
2.400000000000000000e+01 2.161701564626605722e-08
2.500000000000000000e+01 2.168238215484422155e-08
2.600000000000000000e+01 2.174382304412635924e-08
2.700000000000000000e+01 2.180490240130719454e-08
2.800000000000000000e+01 2.185790556622135766e-08
2.900000000000000000e+01 2.191454754857879971e-08
3.000000000000000000e+01 2.197743922184956881e-08
3.100000000000000000e+01 2.203154227147839197e-08
3.200000000000000000e+01 2.208359601004565989e-08
3.300000000000000000e+01 2.213783827291743757e-08
3.400000000000000000e+01 2.218754676349493239e-08
3.500000000000000000e+01 2.223740323315837397e-08
3.600000000000000000e+01 2.228797241675748337e-08
3.700000000000000000e+01 2.233217812438633655e-08
3.800000000000000000e+01 2.237575340169156000e-08
3.900000000000000000e+01 2.242411052462992475e-08
4.000000000000000000e+01 2.247473970495296476e-08
4.100000000000000000e+01 2.251965691360487509e-08
4.200000000000000000e+01 2.256209027128909477e-08
4.300000000000000000e+01 2.260579047076136742e-08
4.400000000000000000e+01 2.264932725925093232e-08
4.500000000000000000e+01 2.268801679233683648e-08
4.600000000000000000e+01 2.272538418818596832e-08
4.700000000000000000e+01 2.276562427549066941e-08
4.800000000000000000e+01 2.280977067431435301e-08
4.900000000000000000e+01 2.285472957182018827e-08
5.000000000000000000e+01 2.289514914231681686e-08
5.100000000000000000e+01 2.293300291412244157e-08
5.200000000000000000e+01 2.297124854838846689e-08
5.300000000000000000e+01 2.301082139551541321e-08
5.400000000000000000e+01 2.305007379739043870e-08
5.500000000000000000e+01 2.308606353929230444e-08
5.600000000000000000e+01 2.312073399776853500e-08
5.700000000000000000e+01 2.315666423556088397e-08
5.800000000000000000e+01 2.319511296397907675e-08
5.900000000000000000e+01 2.323567529542648313e-08
6.000000000000000000e+01 2.327590759962246792e-08
6.100000000000000000e+01 2.331256793198800531e-08
6.200000000000000000e+01 2.334700575125115524e-08
6.300000000000000000e+01 2.338143786683819195e-08
6.400000000000000000e+01 2.341733258700058270e-08
6.500000000000000000e+01 2.345522106875804994e-08
6.600000000000000000e+01 2.349449245240323509e-08
6.700000000000000000e+01 2.353317224781437955e-08
6.800000000000000000e+01 2.356886680778571315e-08
6.900000000000000000e+01 2.360262627011923988e-08
7.000000000000000000e+01 2.363620161544865550e-08
7.100000000000000000e+01 2.367089666791055963e-08
7.200000000000000000e+01 2.370746221959023779e-08
7.300000000000000000e+01 2.374598183617062676e-08
7.400000000000000000e+01 2.378574909329912877e-08
7.500000000000000000e+01 2.382513597979240142e-08
7.600000000000000000e+01 2.386229269410585294e-08
7.700000000000000000e+01 2.389788054702642214e-08
7.800000000000000000e+01 2.393307211753788479e-08
7.900000000000000000e+01 2.396873770214684655e-08
8.000000000000000000e+01 2.400538285983441251e-08
8.100000000000000000e+01 2.404308154662595442e-08
8.200000000000000000e+01 2.408140471468251609e-08
8.300000000000000000e+01 2.411934424530246165e-08
8.400000000000000000e+01 2.415578217753336240e-08
8.500000000000000000e+01 2.419126909147641940e-08
8.600000000000000000e+01 2.422668348646777104e-08
8.700000000000000000e+01 2.426269600282176055e-08
8.800000000000000000e+01 2.429973065927463710e-08
8.900000000000000000e+01 2.433792359167189737e-08
9.000000000000000000e+01 2.437707922657124747e-08
9.100000000000000000e+01 2.441662382099729037e-08
9.200000000000000000e+01 2.445555629592881879e-08
9.300000000000000000e+01 2.449285231225984296e-08
9.400000000000000000e+01 2.452893774978719950e-08
9.500000000000000000e+01 2.456456109473830345e-08
9.600000000000000000e+01 2.460035534453074320e-08
9.700000000000000000e+01 2.463681654907479627e-08
9.800000000000000000e+01 2.467428105780526720e-08
9.900000000000000000e+01 2.471290143977484013e-08
1.000000000000000000e+02 2.475262104401550626e-08
1.010000000000000000e+02 2.479314716612318826e-08
1.020000000000000000e+02 2.483392278600046223e-08
1.030000000000000000e+02 2.487409683898264265e-08
1.040000000000000000e+02 2.491283538292662153e-08
1.050000000000000000e+02 2.495042373919219741e-08
1.060000000000000000e+02 2.498740421801804894e-08
1.070000000000000000e+02 2.502424798920296954e-08
1.080000000000000000e+02 2.506134294130143602e-08
1.090000000000000000e+02 2.509898087102026076e-08
1.100000000000000000e+02 2.513734398678725465e-08
1.110000000000000000e+02 2.517649071033965757e-08
1.120000000000000000e+02 2.521634075995397141e-08
1.130000000000000000e+02 2.525665949850350596e-08
1.140000000000000000e+02 2.529704152859155392e-08
1.150000000000000000e+02 2.533689351610100905e-08
1.160000000000000000e+02 2.537564975067666194e-08
1.170000000000000000e+02 2.541351998936513505e-08
1.180000000000000000e+02 2.545089081289405399e-08
1.190000000000000000e+02 2.548810105692279989e-08
1.200000000000000000e+02 2.552543455426935110e-08
1.210000000000000000e+02 2.556311251176848697e-08
1.220000000000000000e+02 2.560128551347334159e-08
1.230000000000000000e+02 2.564002514204804861e-08
1.240000000000000000e+02 2.567931521000421258e-08
1.250000000000000000e+02 2.571904259237243578e-08
1.260000000000000000e+02 2.575898765199687300e-08
1.270000000000000000e+02 2.579881424835391003e-08
1.280000000000000000e+02 2.583805931979836632e-08
1.290000000000000000e+02 2.587629503534102462e-08
1.300000000000000000e+02 2.591368067551418540e-08
1.310000000000000000e+02 2.595051277683037535e-08
1.320000000000000000e+02 2.598705876634842184e-08
1.330000000000000000e+02 2.602355276418502337e-08
1.340000000000000000e+02 2.606019118957750227e-08
1.350000000000000000e+02 2.609712816673704249e-08
1.360000000000000000e+02 2.613447072618813167e-08
1.370000000000000000e+02 2.617227379777231224e-08
1.380000000000000000e+02 2.621053499120196101e-08
1.390000000000000000e+02 2.624918916019013945e-08
1.400000000000000000e+02 2.628810274591027583e-08
1.410000000000000000e+02 2.632706789553148586e-08
1.420000000000000000e+02 2.636579635125159019e-08
1.430000000000000000e+02 2.640391310486296486e-08
1.440000000000000000e+02 2.644108053835511018e-08
1.450000000000000000e+02 2.647741379680906377e-08
1.460000000000000000e+02 2.651313630888983844e-08
1.470000000000000000e+02 2.654845402970702341e-08
1.480000000000000000e+02 2.658355304410867970e-08
1.490000000000000000e+02 2.661859706622922382e-08
1.500000000000000000e+02 2.665372483336795961e-08
1.510000000000000000e+02 2.668904739241127981e-08
1.520000000000000000e+02 2.672464527697165291e-08
1.530000000000000000e+02 2.676056557345541453e-08
1.540000000000000000e+02 2.679681887431702981e-08
1.550000000000000000e+02 2.683337611669602052e-08
1.560000000000000000e+02 2.687016530461657092e-08
1.570000000000000000e+02 2.690706811291911943e-08
1.580000000000000000e+02 2.694391637088709652e-08
1.590000000000000000e+02 2.698048842356794157e-08
1.600000000000000000e+02 2.701650536845089219e-08
1.610000000000000000e+02 2.705172191719276242e-08
1.620000000000000000e+02 2.708622618536425778e-08
1.630000000000000000e+02 2.712018680925032834e-08
1.640000000000000000e+02 2.715376159718611314e-08
1.650000000000000000e+02 2.718709613265877444e-08
1.660000000000000000e+02 2.722032232219047326e-08
1.670000000000000000e+02 2.725355688719076718e-08
1.680000000000000000e+02 2.728689979902308902e-08
1.690000000000000000e+02 2.732043265651160770e-08
1.700000000000000000e+02 2.735421700520428059e-08
1.710000000000000000e+02 2.738829259758107319e-08
1.720000000000000000e+02 2.742267559355544836e-08
1.730000000000000000e+02 2.745735670046247851e-08
1.740000000000000000e+02 2.749229925185029306e-08
1.750000000000000000e+02 2.752743722420370110e-08
1.760000000000000000e+02 2.756267319083711366e-08
1.770000000000000000e+02 2.759787621204447129e-08
1.780000000000000000e+02 2.763287966055454886e-08
1.790000000000000000e+02 2.766747898127246816e-08
1.800000000000000000e+02 2.770149809926199871e-08
1.810000000000000000e+02 2.773500592572409953e-08
1.820000000000000000e+02 2.776813081843249199e-08
1.830000000000000000e+02 2.780099416808193911e-08
1.840000000000000000e+02 2.783370957036639653e-08
1.850000000000000000e+02 2.786638196903792047e-08
1.860000000000000000e+02 2.789910676956108837e-08
1.870000000000000000e+02 2.793196892308612113e-08
1.880000000000000000e+02 2.796504198048303684e-08
1.890000000000000000e+02 2.799838711604502380e-08
1.900000000000000000e+02 2.803205212067314689e-08
1.910000000000000000e+02 2.806607036415163397e-08
1.920000000000000000e+02 2.810045972630882626e-08
1.930000000000000000e+02 2.813522149667891577e-08
1.940000000000000000e+02 2.817033924241150452e-08
1.950000000000000000e+02 2.820577764409705122e-08
1.960000000000000000e+02 2.824148129913944179e-08
1.970000000000000000e+02 2.827737349236409456e-08
1.980000000000000000e+02 2.831335493344871479e-08
1.990000000000000000e+02 2.834930246081359573e-08
2.000000000000000000e+02 2.838506771148024696e-08
2.010000000000000000e+02 2.842052546487080353e-08
2.020000000000000000e+02 2.845572961745753433e-08
2.030000000000000000e+02 2.849077749775331826e-08
2.040000000000000000e+02 2.852576168801467101e-08
2.050000000000000000e+02 2.856076952497626639e-08
2.060000000000000000e+02 2.859588258538206990e-08
2.070000000000000000e+02 2.863117615601240445e-08
2.080000000000000000e+02 2.866671868819510947e-08
2.090000000000000000e+02 2.870257123661969397e-08
2.100000000000000000e+02 2.873878688230971030e-08
2.110000000000000000e+02 2.877541013968737598e-08
2.120000000000000000e+02 2.881247634751314997e-08
2.130000000000000000e+02 2.885001104365619105e-08
2.140000000000000000e+02 2.888802932352966016e-08
2.150000000000000000e+02 2.892653518203806974e-08
2.160000000000000000e+02 2.896552083896875879e-08
2.170000000000000000e+02 2.900496604760417120e-08
2.180000000000000000e+02 2.904483738650619023e-08
2.190000000000000000e+02 2.908508753424679455e-08
2.200000000000000000e+02 2.912565452700034608e-08
2.210000000000000000e+02 2.916646099876289775e-08
2.220000000000000000e+02 2.920741340408963141e-08
2.230000000000000000e+02 2.924840122318734206e-08
2.240000000000000000e+02 2.928933282364025144e-08
2.250000000000000000e+02 2.933025011687862428e-08
2.260000000000000000e+02 2.937122750442579031e-08
2.270000000000000000e+02 2.941233625150190960e-08
2.280000000000000000e+02 2.945364418955520627e-08
2.290000000000000000e+02 2.949521541065764606e-08
2.300000000000000000e+02 2.953710995387949315e-08
2.310000000000000000e+02 2.957938348338397423e-08
2.320000000000000000e+02 2.962208695835459954e-08
2.330000000000000000e+02 2.966526629462334435e-08
2.340000000000000000e+02 2.970896201801751179e-08
2.350000000000000000e+02 2.975320890932385469e-08
2.360000000000000000e+02 2.979803564083466559e-08
2.370000000000000000e+02 2.984346440445955609e-08
2.380000000000000000e+02 2.988951053138128967e-08
2.390000000000000000e+02 2.993618210308061019e-08
2.400000000000000000e+02 2.998347955388753816e-08
2.410000000000000000e+02 3.003139526478806084e-08
2.420000000000000000e+02 3.007991314865195034e-08
2.430000000000000000e+02 3.012900822664311427e-08
2.440000000000000000e+02 3.017864619588512535e-08
2.450000000000000000e+02 3.022878298829002018e-08
2.460000000000000000e+02 3.027936432043744058e-08
2.470000000000000000e+02 3.033032523455273581e-08
2.480000000000000000e+02 3.038158963038982348e-08
2.490000000000000000e+02 3.043306978808377938e-08
2.500000000000000000e+02 3.048469355536735870e-08
2.510000000000000000e+02 3.053649055573729128e-08
2.520000000000000000e+02 3.058851526010762957e-08
2.530000000000000000e+02 3.064082004391892143e-08
2.540000000000000000e+02 3.069345500982616956e-08
2.550000000000000000e+02 3.074646780623750072e-08
2.560000000000000000e+02 3.079990344181269965e-08
2.570000000000000000e+02 3.085380409574797894e-08
2.580000000000000000e+02 3.090820892397633627e-08
2.590000000000000000e+02 3.096315386125160943e-08
2.600000000000000000e+02 3.101867141898576623e-08
2.610000000000000000e+02 3.107479047906297315e-08
2.620000000000000000e+02 3.113153608333014986e-08
2.630000000000000000e+02 3.118892921895928353e-08
2.640000000000000000e+02 3.124698659963417525e-08
2.650000000000000000e+02 3.130572044240611498e-08
2.660000000000000000e+02 3.136513824040868381e-08
2.670000000000000000e+02 3.142524253124407224e-08
2.680000000000000000e+02 3.148603066107032905e-08
2.690000000000000000e+02 3.154749454441622895e-08
2.700000000000000000e+02 3.160962041962544361e-08
2.710000000000000000e+02 3.167238859996561123e-08
2.720000000000000000e+02 3.173577322033500543e-08
2.730000000000000000e+02 3.179974197952200310e-08
2.740000000000000000e+02 3.186425587806396474e-08
2.750000000000000000e+02 3.192926895162030763e-08
2.760000000000000000e+02 3.199472799978080602e-08
2.770000000000000000e+02 3.206057231044286341e-08
2.780000000000000000e+02 3.212673337947922211e-08
2.790000000000000000e+02 3.219315451432891931e-08
2.800000000000000000e+02 3.225985272012875535e-08
2.810000000000000000e+02 3.232686321560263636e-08
2.820000000000000000e+02 3.239422004798862127e-08
2.830000000000000000e+02 3.246195597517066743e-08
2.840000000000000000e+02 3.253010234549028028e-08
2.850000000000000000e+02 3.259868897519304176e-08
2.860000000000000000e+02 3.266774402386166214e-08
2.870000000000000000e+02 3.273729386773512204e-08
2.880000000000000000e+02 3.280736297122207262e-08
2.890000000000000000e+02 3.287797375653762104e-08
2.900000000000000000e+02 3.294914647161174518e-08
2.910000000000000000e+02 3.302089905630233220e-08
2.920000000000000000e+02 3.309324700694050187e-08
2.930000000000000000e+02 3.316620323928503001e-08
2.940000000000000000e+02 3.323977794981116762e-08
2.950000000000000000e+02 3.331397847545336684e-08
2.960000000000000000e+02 3.338880915160856515e-08
2.970000000000000000e+02 3.346427116870898977e-08
2.980000000000000000e+02 3.354036242694213045e-08
2.990000000000000000e+02 3.361707738942178674e-08
3.000000000000000000e+02 3.369440693362690641e-08
3.010000000000000000e+02 3.377233820104302665e-08
3.020000000000000000e+02 3.385085444509532249e-08
3.030000000000000000e+02 3.392993487718620734e-08
3.040000000000000000e+02 3.400955451083298567e-08
3.050000000000000000e+02 3.408968400396970730e-08
3.060000000000000000e+02 3.417028949917324180e-08
3.070000000000000000e+02 3.425133246184417854e-08
3.080000000000000000e+02 3.433276951634768767e-08
3.090000000000000000e+02 3.441455227991726772e-08
3.100000000000000000e+02 3.449662719434810127e-08
3.110000000000000000e+02 3.457893535543970502e-08
3.120000000000000000e+02 3.466142853156515370e-08
3.130000000000000000e+02 3.474411916256993326e-08
3.140000000000000000e+02 3.482703446632317855e-08
3.150000000000000000e+02 3.491020059420630855e-08
3.160000000000000000e+02 3.499364258328884474e-08
3.170000000000000000e+02 3.507738430688557594e-08
3.180000000000000000e+02 3.516144842347789743e-08
3.190000000000000000e+02 3.524585632423928603e-08
3.200000000000000000e+02 3.533062807894215486e-08
3.210000000000000000e+02 3.541578238051793888e-08
3.220000000000000000e+02 3.550133648825625657e-08
3.230000000000000000e+02 3.558730616950151462e-08
3.240000000000000000e+02 3.567370564013616434e-08
3.250000000000000000e+02 3.576054750375167908e-08
3.260000000000000000e+02 3.584784268947238526e-08
3.270000000000000000e+02 3.593560038858608213e-08
3.280000000000000000e+02 3.602382798985956336e-08
3.290000000000000000e+02 3.611253101373541999e-08
3.300000000000000000e+02 3.620171304524818904e-08
3.310000000000000000e+02 3.629137566576004919e-08
3.320000000000000000e+02 3.638151838353727921e-08
3.330000000000000000e+02 3.647213856319619854e-08
3.340000000000000000e+02 3.656323135385633061e-08
3.350000000000000000e+02 3.665478961637919399e-08
3.360000000000000000e+02 3.674680384922047419e-08
3.370000000000000000e+02 3.683926211332194464e-08
3.380000000000000000e+02 3.693214995582971758e-08
3.390000000000000000e+02 3.702545033266853077e-08
3.400000000000000000e+02 3.711914352995589008e-08
3.410000000000000000e+02 3.721320708446150677e-08
3.420000000000000000e+02 3.730761570276485835e-08
3.430000000000000000e+02 3.740234117937507455e-08
3.440000000000000000e+02 3.749735231374015786e-08
3.450000000000000000e+02 3.759261482608780165e-08
3.460000000000000000e+02 3.768809127217286735e-08
3.470000000000000000e+02 3.778374095686522059e-08
3.480000000000000000e+02 3.787951984651731057e-08
3.490000000000000000e+02 3.797539166464881032e-08
3.500000000000000000e+02 3.807136237608017367e-08
3.510000000000000000e+02 3.816744836136159047e-08
3.520000000000000000e+02 3.826366546170971875e-08
3.530000000000000000e+02 3.836002895615640339e-08
3.540000000000000000e+02 3.845655353852391189e-08
3.550000000000000000e+02 3.855325329411222521e-08
3.560000000000000000e+02 3.865014167625008869e-08
3.570000000000000000e+02 3.874723148280958758e-08
3.580000000000000000e+02 3.884453483246597748e-08
3.590000000000000000e+02 3.894206314100803886e-08
3.600000000000000000e+02 3.903982709751906729e-08
3.610000000000000000e+02 3.913783664068184796e-08
3.620000000000000000e+02 3.923610093496480090e-08
3.630000000000000000e+02 3.933462834691608306e-08
3.640000000000000000e+02 3.943342642160507423e-08
3.650000000000000000e+02 3.953250185911608776e-08
3.660000000000000000e+02 3.963186049116701866e-08
3.670000000000000000e+02 3.973150725789606822e-08
3.680000000000000000e+02 3.983144618498850599e-08
3.690000000000000000e+02 3.993168036077107247e-08
3.700000000000000000e+02 4.003221191371843025e-08
3.710000000000000000e+02 4.013304199015516065e-08
3.720000000000000000e+02 4.023417073215338521e-08
3.730000000000000000e+02 4.033559725572290482e-08
3.740000000000000000e+02 4.043731962925358914e-08
3.750000000000000000e+02 4.053933485202235231e-08
3.760000000000000000e+02 4.064163883306083238e-08
3.770000000000000000e+02 4.074422637003320861e-08
3.780000000000000000e+02 4.084709112805052441e-08
3.790000000000000000e+02 4.095022561871430477e-08
3.800000000000000000e+02 4.105362117862625175e-08
3.810000000000000000e+02 4.115726794791709082e-08
3.820000000000000000e+02 4.126115484801338538e-08
3.830000000000000000e+02 4.136526955886558537e-08
3.840000000000000000e+02 4.146959849512953359e-08
3.850000000000000000e+02 4.157412678109262283e-08
3.860000000000000000e+02 4.167883822403515237e-08
3.870000000000000000e+02 4.178371528562416579e-08
3.880000000000000000e+02 4.188874422442942275e-08
3.890000000000000000e+02 4.199393093438261400e-08
3.900000000000000000e+02 4.209928600967087012e-08
3.910000000000000000e+02 4.220481963843256667e-08
3.920000000000000000e+02 4.231054158257316427e-08
3.930000000000000000e+02 4.241646115744758156e-08
3.940000000000000000e+02 4.252258721096626138e-08
3.950000000000000000e+02 4.262892810262368720e-08
3.960000000000000000e+02 4.273549168192796784e-08
3.970000000000000000e+02 4.284228526663476410e-08
3.980000000000000000e+02 4.294931562067393449e-08
3.990000000000000000e+02 4.305658893155022631e-08
4.000000000000000000e+02 4.316411078770782230e-08
4.010000000000000000e+02 4.327188615529068812e-08
4.020000000000000000e+02 4.337991935473986594e-08
4.030000000000000000e+02 4.348821403714081393e-08
4.040000000000000000e+02 4.359677316013555609e-08
4.050000000000000000e+02 4.370559896355370981e-08
4.060000000000000000e+02 4.381469294497651839e-08
4.070000000000000000e+02 4.392405583465892527e-08
4.080000000000000000e+02 4.403368757060048111e-08
4.090000000000000000e+02 4.414358727299176277e-08
4.100000000000000000e+02 4.425375321870651865e-08
4.110000000000000000e+02 4.436418281544168007e-08
4.120000000000000000e+02 4.447487257551599845e-08
4.130000000000000000e+02 4.458581808969966537e-08
4.140000000000000000e+02 4.469701400062754981e-08
4.150000000000000000e+02 4.480845397617575484e-08
4.160000000000000000e+02 4.492013068240110533e-08
4.170000000000000000e+02 4.503203575665674573e-08
4.180000000000000000e+02 4.514415978015359959e-08
4.190000000000000000e+02 4.525649225063340592e-08
4.200000000000000000e+02 4.536902155460397171e-08
4.210000000000000000e+02 4.548173493973165511e-08
4.220000000000000000e+02 4.559461848675927838e-08
4.230000000000000000e+02 4.570765708134847640e-08
4.240000000000000000e+02 4.582083438587805889e-08
4.250000000000000000e+02 4.593413281087917427e-08
4.260000000000000000e+02 4.604753348637301169e-08
4.270000000000000000e+02 4.616102132569562530e-08
4.280000000000000000e+02 4.627460066191970079e-08
4.290000000000000000e+02 4.638828062778925012e-08
4.300000000000000000e+02 4.650207014830688383e-08
4.310000000000000000e+02 4.661597793000377632e-08
4.320000000000000000e+02 4.673001244984827892e-08
4.330000000000000000e+02 4.684418194436760814e-08
4.340000000000000000e+02 4.695849439830970749e-08
4.350000000000000000e+02 4.707295753339035516e-08
4.360000000000000000e+02 4.718757879690171576e-08
4.370000000000000000e+02 4.730236535009495915e-08
4.380000000000000000e+02 4.741732405666119473e-08
4.390000000000000000e+02 4.753246147081017751e-08
4.400000000000000000e+02 4.764778382555260651e-08
4.410000000000000000e+02 4.776329702067608846e-08
4.420000000000000000e+02 4.787900661066697069e-08
4.430000000000000000e+02 4.799491779247188639e-08
4.440000000000000000e+02 4.811103539337126029e-08
4.450000000000000000e+02 4.822736385842707455e-08
4.460000000000000000e+02 4.834390723806246725e-08
4.470000000000000000e+02 4.846066917545329628e-08
4.480000000000000000e+02 4.857765289381459831e-08
4.490000000000000000e+02 4.869486118352454979e-08
4.500000000000000000e+02 4.881229638932575941e-08
4.510000000000000000e+02 4.892996039709809426e-08
4.520000000000000000e+02 4.904785462074963393e-08
4.530000000000000000e+02 4.916597998895030159e-08
4.540000000000000000e+02 4.928433693166973107e-08
4.550000000000000000e+02 4.940292536657091344e-08
4.560000000000000000e+02 4.952174468524016107e-08
4.570000000000000000e+02 4.964079373942619709e-08
4.580000000000000000e+02 4.976007082693048574e-08
4.590000000000000000e+02 4.987957367735977421e-08
4.600000000000000000e+02 4.999929943781591437e-08
4.610000000000000000e+02 5.011924465816159893e-08
4.620000000000000000e+02 5.023940527647034048e-08
4.630000000000000000e+02 5.035977660369144293e-08
4.640000000000000000e+02 5.048035330877207289e-08
4.650000000000000000e+02 5.060112940288772309e-08
4.660000000000000000e+02 5.072210174695951006e-08
4.670000000000000000e+02 5.084328084754267975e-08
4.680000000000000000e+02 5.096468070194709967e-08
4.690000000000000000e+02 5.108631533248155085e-08
4.700000000000000000e+02 5.120819878408926184e-08
4.710000000000000000e+02 5.133034512153081606e-08
4.720000000000000000e+02 5.145276842698484497e-08
4.730000000000000000e+02 5.157548279730848529e-08
4.740000000000000000e+02 5.169850234134802292e-08
4.750000000000000000e+02 5.182184117721759446e-08
4.760000000000000000e+02 5.194551342946584215e-08
4.770000000000000000e+02 5.206953322630514997e-08
4.780000000000000000e+02 5.219391469664405049e-08
4.790000000000000000e+02 5.231867196699783101e-08
4.800000000000000000e+02 5.244381915867973923e-08
4.810000000000000000e+02 5.256937038442625177e-08
4.820000000000000000e+02 5.269533974530402086e-08
4.830000000000000000e+02 5.282174132742350564e-08
4.840000000000000000e+02 5.294858919855352706e-08
4.850000000000000000e+02 5.307589740457493280e-08
4.860000000000000000e+02 5.320367996611031937e-08
4.870000000000000000e+02 5.333195087470737446e-08
4.880000000000000000e+02 5.346072408920967158e-08
4.890000000000000000e+02 5.359001353186683674e-08
4.900000000000000000e+02 5.371983308456909656e-08
4.910000000000000000e+02 5.385019658455097493e-08
4.920000000000000000e+02 5.398111782060514178e-08
4.930000000000000000e+02 5.411261052861951561e-08
4.940000000000000000e+02 5.424468838738615106e-08
4.950000000000000000e+02 5.437736501423694138e-08
4.960000000000000000e+02 5.451065396043114680e-08
4.970000000000000000e+02 5.464456870666682141e-08
4.980000000000000000e+02 5.477912265829401154e-08
4.990000000000000000e+02 5.491432914056681190e-08
5.000000000000000000e+02 5.505020139368774632e-08
5.010000000000000000e+02 5.518675256787309281e-08
5.020000000000000000e+02 5.532399571821095681e-08
5.030000000000000000e+02 5.546194379939063511e-08
5.040000000000000000e+02 5.560060966048073721e-08
5.050000000000000000e+02 5.574000690619607782e-08
5.060000000000000000e+02 5.588015254165175205e-08
5.070000000000000000e+02 5.602106445540032543e-08
5.080000000000000000e+02 5.616276056227937078e-08
5.090000000000000000e+02 5.630525879991062152e-08
5.100000000000000000e+02 5.644857712563616083e-08
5.110000000000000000e+02 5.659273351321599238e-08
5.120000000000000000e+02 5.673774594951442098e-08
5.130000000000000000e+02 5.688363243103280264e-08
5.140000000000000000e+02 5.703041096063546441e-08
5.150000000000000000e+02 5.717809954384969246e-08
5.160000000000000000e+02 5.732671618548298019e-08
5.170000000000000000e+02 5.747627888594687888e-08
5.180000000000000000e+02 5.762680563757029993e-08
5.190000000000000000e+02 5.777831442090860853e-08
5.200000000000000000e+02 5.793082320075091551e-08
5.210000000000000000e+02 5.808434992253317732e-08
5.220000000000000000e+02 5.823891250805191817e-08
5.230000000000000000e+02 5.839452885168983799e-08
5.240000000000000000e+02 5.855121681607260464e-08
5.250000000000000000e+02 5.870899422800565014e-08
5.260000000000000000e+02 5.886787887406933460e-08
5.270000000000000000e+02 5.902788849641164096e-08
5.280000000000000000e+02 5.918904078804034601e-08
5.290000000000000000e+02 5.935135338838684415e-08
5.300000000000000000e+02 5.951484387863898920e-08
5.310000000000000000e+02 5.967952977691267579e-08
5.320000000000000000e+02 5.984542853341567160e-08
5.330000000000000000e+02 6.001255752553640787e-08
5.340000000000000000e+02 6.018093405252726608e-08
5.350000000000000000e+02 6.035057533064451467e-08
5.360000000000000000e+02 6.052149848749830806e-08
5.370000000000000000e+02 6.069372055682614933e-08
5.380000000000000000e+02 6.086725847293323062e-08
5.390000000000000000e+02 6.104212906485792458e-08
5.400000000000000000e+02 6.121834905078335220e-08
5.410000000000000000e+02 6.139593503191198460e-08
5.420000000000000000e+02 6.157490348656518509e-08
5.430000000000000000e+02 6.175527076379262349e-08
5.440000000000000000e+02 6.193705335542141814e-08
5.450000000000000000e+02 6.212026874425952391e-08
5.460000000000000000e+02 6.230493459834162535e-08
5.470000000000000000e+02 6.249106849227169508e-08
5.480000000000000000e+02 6.267868790162077081e-08
5.490000000000000000e+02 6.286781019726238282e-08
5.500000000000000000e+02 6.305845263949667312e-08
5.510000000000000000e+02 6.325063237198169562e-08
5.520000000000000000e+02 6.344436641559175223e-08
5.530000000000000000e+02 6.363967166209965206e-08
5.540000000000000000e+02 6.383656486780293408e-08
5.550000000000000000e+02 6.403506264675980611e-08
5.560000000000000000e+02 6.423518146429102564e-08
5.570000000000000000e+02 6.443693762998662386e-08
5.580000000000000000e+02 6.464034729081505430e-08
5.590000000000000000e+02 6.484542642400901612e-08
5.600000000000000000e+02 6.505219082999618328e-08
5.610000000000000000e+02 6.526065612491991685e-08
5.620000000000000000e+02 6.547083773324354241e-08
5.630000000000000000e+02 6.568275088048158978e-08
5.640000000000000000e+02 6.589641058514417876e-08
5.650000000000000000e+02 6.611183165137614409e-08
5.660000000000000000e+02 6.632902866095581656e-08
5.670000000000000000e+02 6.654801596528424865e-08
5.680000000000000000e+02 6.676880767742272104e-08
5.690000000000000000e+02 6.699141766403527548e-08
5.700000000000000000e+02 6.721585953683291442e-08
5.710000000000000000e+02 6.744214664450082116e-08
5.720000000000000000e+02 6.767029206409520503e-08
5.730000000000000000e+02 6.790030859235610499e-08
5.740000000000000000e+02 6.813220873725131415e-08
5.750000000000000000e+02 6.836600470890297608e-08
5.760000000000000000e+02 6.860170841080245022e-08
5.770000000000000000e+02 6.883933143069712413e-08
5.780000000000000000e+02 6.907888503150531017e-08
5.790000000000000000e+02 6.932038014173566754e-08
5.800000000000000000e+02 6.956382734645097542e-08
5.810000000000000000e+02 6.980923687715860947e-08
5.820000000000000000e+02 7.005661860254130144e-08
5.830000000000000000e+02 7.030598312108375577e-08
5.840000000000000000e+02 7.055734511927838080e-08
5.850000000000000000e+02 7.081072016076670913e-08
5.860000000000000000e+02 7.106612359279438560e-08
5.870000000000000000e+02 7.132357054150931382e-08
5.880000000000000000e+02 7.158307590631087442e-08
5.890000000000000000e+02 7.184465435488277828e-08
5.900000000000000000e+02 7.210832031775535319e-08
5.910000000000000000e+02 7.237408798275730600e-08
5.920000000000000000e+02 7.264197128990741254e-08
5.930000000000000000e+02 7.291198392550537751e-08
5.940000000000000000e+02 7.318413931702003037e-08
5.950000000000000000e+02 7.345845062704440852e-08
5.960000000000000000e+02 7.373493074802312280e-08
5.970000000000000000e+02 7.401359229644819659e-08
5.980000000000000000e+02 7.429444760689032896e-08
5.990000000000000000e+02 7.457750872656488724e-08
6.000000000000000000e+02 7.486278740936743180e-08
6.010000000000000000e+02 7.515029510985395882e-08
6.020000000000000000e+02 7.544004297759398308e-08
6.030000000000000000e+02 7.573204185095841155e-08
6.040000000000000000e+02 7.602630225144606378e-08
6.050000000000000000e+02 7.632283437737887480e-08
6.060000000000000000e+02 7.662164809782506900e-08
6.070000000000000000e+02 7.692275294685807669e-08
6.080000000000000000e+02 7.722615811689974186e-08
6.090000000000000000e+02 7.753187245303601645e-08
6.100000000000000000e+02 7.783990444651422220e-08
6.110000000000000000e+02 7.815026222852017757e-08
6.120000000000000000e+02 7.846295356393752362e-08
6.130000000000000000e+02 7.877798584520611316e-08
6.140000000000000000e+02 7.909536608553928851e-08
6.150000000000000000e+02 7.941510091297510296e-08
6.160000000000000000e+02 7.973719656364992622e-08
6.170000000000000000e+02 8.006165887543435507e-08
6.180000000000000000e+02 8.038849328138376927e-08
6.190000000000000000e+02 8.071770480309243169e-08
6.200000000000000000e+02 8.104929804419944549e-08
6.210000000000000000e+02 8.138327718355059096e-08
6.220000000000000000e+02 8.171964750393560459e-08
6.230000000000000000e+02 8.205842007006252300e-08
6.240000000000000000e+02 8.239960725413815436e-08
6.250000000000000000e+02 8.274322121590473719e-08
6.260000000000000000e+02 8.308927389870347385e-08
6.270000000000000000e+02 8.343777702501634467e-08
6.280000000000000000e+02 8.378874209206213222e-08
6.290000000000000000e+02 8.414218036734035302e-08
6.300000000000000000e+02 8.449810288377292797e-08
6.310000000000000000e+02 8.485652043500604802e-08
6.320000000000000000e+02 8.521744357024143347e-08
6.330000000000000000e+02 8.558088258911849476e-08
6.340000000000000000e+02 8.594684753660723994e-08
6.350000000000000000e+02 8.631534819717325003e-08
6.360000000000000000e+02 8.668639408968574038e-08
6.370000000000000000e+02 8.705999446129212288e-08
6.380000000000000000e+02 8.743615828170372313e-08
6.390000000000000000e+02 8.781489423714817694e-08
6.400000000000000000e+02 8.819621072442234588e-08
6.410000000000000000e+02 8.858011584431969891e-08
6.420000000000000000e+02 8.896661739535516147e-08
6.430000000000000000e+02 8.935572286727706806e-08
6.440000000000000000e+02 8.974743943433167537e-08
6.450000000000000000e+02 9.014177394841912287e-08
6.460000000000000000e+02 9.053873293212755290e-08
6.470000000000000000e+02 9.093832257176331334e-08
6.480000000000000000e+02 9.134054871016525947e-08
6.490000000000000000e+02 9.174541683918648954e-08
6.500000000000000000e+02 9.215293209226779811e-08
6.510000000000000000e+02 9.256309923699658424e-08
6.520000000000000000e+02 9.297592266717299830e-08
6.530000000000000000e+02 9.339140639490050709e-08
6.540000000000000000e+02 9.380955404269795252e-08
6.550000000000000000e+02 9.423036883496640928e-08
6.560000000000000000e+02 9.465385358982677835e-08
6.570000000000000000e+02 9.508001071048726397e-08
6.580000000000000000e+02 9.550884217629813658e-08
6.590000000000000000e+02 9.594034953381337796e-08
6.600000000000000000e+02 9.637453388762844495e-08
6.610000000000000000e+02 9.681139566100695859e-08
6.620000000000000000e+02 9.725093386901385947e-08
6.630000000000000000e+02 9.769314674696055759e-08
6.640000000000000000e+02 9.813803196438480433e-08
6.650000000000000000e+02 9.858558661635333165e-08
6.660000000000000000e+02 9.903580721545788042e-08
6.670000000000000000e+02 9.948868968333956375e-08
6.680000000000000000e+02 9.994422934250218772e-08
6.690000000000000000e+02 1.004024209080873099e-07
6.700000000000000000e+02 1.008632584796420323e-07
6.710000000000000000e+02 1.013267355333495116e-07
6.720000000000000000e+02 1.017928449136004926e-07
6.730000000000000000e+02 1.022615788250727816e-07
6.740000000000000000e+02 1.027329288249226487e-07
6.750000000000000000e+02 1.032068858147439044e-07
6.760000000000000000e+02 1.036834400326814402e-07
6.770000000000000000e+02 1.041625810455692541e-07
6.780000000000000000e+02 1.046442977412953223e-07
6.790000000000000000e+02 1.051285783208358235e-07
6.800000000000000000e+02 1.056154102906025664e-07
6.810000000000000000e+02 1.061047804547464912e-07
6.820000000000000000e+02 1.065966749074417954e-07
6.830000000000000000e+02 1.070910790253601511e-07
6.840000000000000000e+02 1.075879774597701914e-07
6.850000000000000000e+02 1.080873541292820902e-07
6.860000000000000000e+02 1.085891922119081373e-07
6.870000000000000000e+02 1.090934741376274436e-07
6.880000000000000000e+02 1.096001815807247399e-07
6.890000000000000000e+02 1.101092954522141831e-07
6.900000000000000000e+02 1.106207958922764239e-07
6.910000000000000000e+02 1.111346622624455887e-07
6.920000000000000000e+02 1.116508731381582214e-07
6.930000000000000000e+02 1.121694063009047955e-07
6.940000000000000000e+02 1.126902387307154597e-07
6.950000000000000000e+02 1.132133465982732611e-07
6.960000000000000000e+02 1.137387052569494948e-07
6.970000000000000000e+02 1.142662892354057573e-07
6.980000000000000000e+02 1.147960722292072487e-07
6.990000000000000000e+02 1.153280270931602081e-07
7.000000000000000000e+02 1.158621262170654699e-07
7.010000000000000000e+02 1.163983428436834391e-07
7.020000000000000000e+02 1.169366502231638906e-07
7.030000000000000000e+02 1.174770212885392560e-07
7.040000000000000000e+02 1.180194286716816393e-07
7.050000000000000000e+02 1.185638447183548042e-07
7.060000000000000000e+02 1.191102415025822743e-07
7.070000000000000000e+02 1.196585908392166013e-07
7.080000000000000000e+02 1.202088642960892582e-07
7.090000000000000000e+02 1.207610332047001949e-07
7.100000000000000000e+02 1.213150686701613571e-07
7.110000000000000000e+02 1.218709415795504155e-07
7.120000000000000000e+02 1.224286226098686413e-07
7.130000000000000000e+02 1.229880822340102114e-07
7.140000000000000000e+02 1.235492907267103122e-07
7.150000000000000000e+02 1.241122181683407208e-07
7.160000000000000000e+02 1.246768344486892923e-07
7.170000000000000000e+02 1.252431092686816337e-07
7.180000000000000000e+02 1.258110121420007107e-07
7.190000000000000000e+02 1.263805123949051848e-07
7.200000000000000000e+02 1.269515791654500380e-07
7.210000000000000000e+02 1.275241814019251198e-07
7.220000000000000000e+02 1.280982878594188673e-07
7.230000000000000000e+02 1.286738670966541077e-07
7.240000000000000000e+02 1.292508874708775905e-07
7.250000000000000000e+02 1.298293171323278306e-07
7.260000000000000000e+02 1.304091240176810052e-07
7.270000000000000000e+02 1.309902758425521185e-07
7.280000000000000000e+02 1.315727400932947957e-07
7.290000000000000000e+02 1.321564840177495401e-07
7.300000000000000000e+02 1.327414746154625928e-07
7.310000000000000000e+02 1.333276786265930837e-07
7.320000000000000000e+02 1.339150625208724338e-07
7.330000000000000000e+02 1.345035924848234745e-07
7.340000000000000000e+02 1.350932344088885911e-07
7.350000000000000000e+02 1.356839538737928100e-07
7.360000000000000000e+02 1.362757161359072811e-07
7.370000000000000000e+02 1.368684861122089637e-07
7.380000000000000000e+02 1.374622283642160909e-07
7.390000000000000000e+02 1.380569134596059059e-07
7.400000000000000000e+02 1.386525372919120172e-07
7.410000000000000000e+02 1.392491022948925398e-07
7.420000000000000000e+02 1.398466111174587866e-07
7.430000000000000000e+02 1.404450666252063598e-07
7.440000000000000000e+02 1.410444719028635260e-07
7.450000000000000000e+02 1.416448302548580931e-07
7.460000000000000000e+02 1.422461452070027410e-07
7.470000000000000000e+02 1.428484205063592584e-07
7.480000000000000000e+02 1.434516601216593593e-07
7.490000000000000000e+02 1.440558682426324560e-07
7.500000000000000000e+02 1.446610492787421779e-07
7.510000000000000000e+02 1.452672078577756109e-07
7.520000000000000000e+02 1.458743488231293250e-07
7.530000000000000000e+02 1.464824772309306796e-07
7.540000000000000000e+02 1.470915983463561417e-07
7.550000000000000000e+02 1.477017176393115773e-07
7.560000000000000000e+02 1.483128407788851907e-07
7.570000000000000000e+02 1.489249736276992181e-07
7.580000000000000000e+02 1.495381222350133324e-07
7.590000000000000000e+02 1.501522928294159132e-07
7.600000000000000000e+02 1.507674918099101637e-07
7.610000000000000000e+02 1.513837257369879976e-07
7.620000000000000000e+02 1.520010013223577269e-07
7.630000000000000000e+02 1.526193254176526889e-07
7.640000000000000000e+02 1.532387050024940639e-07
7.650000000000000000e+02 1.538591471712593735e-07
7.660000000000000000e+02 1.544806591188259898e-07
7.670000000000000000e+02 1.551032481255517851e-07
7.680000000000000000e+02 1.557269215405500168e-07
7.690000000000000000e+02 1.563516867642517773e-07
7.700000000000000000e+02 1.569775512297171124e-07
7.710000000000000000e+02 1.576045223822719783e-07
7.720000000000000000e+02 1.582326076579142752e-07
7.730000000000000000e+02 1.588618144606155873e-07
7.740000000000000000e+02 1.594921501373615840e-07
7.750000000000000000e+02 1.601236219523494902e-07
7.760000000000000000e+02 1.607562370589828744e-07
7.770000000000000000e+02 1.613900024697934026e-07
7.780000000000000000e+02 1.620249329085308097e-07
7.790000000000000000e+02 1.626610746873580321e-07
7.800000000000000000e+02 1.632984825040116944e-07
7.810000000000000000e+02 1.639372116487357765e-07
7.820000000000000000e+02 1.645773180318777350e-07
7.830000000000000000e+02 1.652188582112259359e-07
7.840000000000000000e+02 1.658618894197431280e-07
7.850000000000000000e+02 1.665064695916492342e-07
7.860000000000000000e+02 1.671526573897416580e-07
7.870000000000000000e+02 1.678005122315238944e-07
7.880000000000000000e+02 1.684500943152033264e-07
7.890000000000000000e+02 1.691014646458205773e-07
7.900000000000000000e+02 1.697546850608278406e-07
7.910000000000000000e+02 1.704098182557088741e-07
7.920000000000000000e+02 1.710669278094271782e-07
7.930000000000000000e+02 1.717260782091746311e-07
7.940000000000000000e+02 1.723873348757698777e-07
7.950000000000000000e+02 1.730507641880244230e-07
7.960000000000000000e+02 1.737164335073868977e-07
7.970000000000000000e+02 1.743844112020689114e-07
7.980000000000000000e+02 1.750547666708878928e-07
7.990000000000000000e+02 1.757275703673029722e-07
8.000000000000000000e+02 1.764028938222154944e-07
8.010000000000000000e+02 1.770808096672343666e-07
8.020000000000000000e+02 1.777613916567578102e-07
8.030000000000000000e+02 1.784447146903206311e-07
8.040000000000000000e+02 1.791308548337814783e-07
8.050000000000000000e+02 1.798198893404065794e-07
8.060000000000000000e+02 1.805118966705655593e-07
8.070000000000000000e+02 1.812069565117116238e-07
8.080000000000000000e+02 1.819051497962511759e-07
8.090000000000000000e+02 1.826065587199331389e-07
8.100000000000000000e+02 1.833112667577658968e-07
8.110000000000000000e+02 1.840193586799304230e-07
8.120000000000000000e+02 1.847309205658674966e-07
8.130000000000000000e+02 1.854460398173644942e-07
8.140000000000000000e+02 1.861648051698529299e-07
8.150000000000000000e+02 1.868873067022934622e-07
8.160000000000000000e+02 1.876136358455466703e-07
8.170000000000000000e+02 1.883438789197642681e-07
8.180000000000000000e+02 1.890780974858818968e-07
8.190000000000000000e+02 1.898163473272895589e-07
8.200000000000000000e+02 1.905586848663774835e-07
8.210000000000000000e+02 1.913051671749353076e-07
8.220000000000000000e+02 1.920558519840242457e-07
8.230000000000000000e+02 1.928107976945561608e-07
8.240000000000000000e+02 1.935700633881171362e-07
8.250000000000000000e+02 1.943337088373761872e-07
8.260000000000000000e+02 1.951017945174161534e-07
8.270000000000000000e+02 1.958743816169781932e-07
8.280000000000000000e+02 1.966515320498301833e-07
8.290000000000000000e+02 1.974333084665668941e-07
8.300000000000000000e+02 1.982197742660998323e-07
8.310000000000000000e+02 1.990109936083595062e-07
8.320000000000000000e+02 1.998070314258518927e-07
8.330000000000000000e+02 2.006079534367709051e-07
8.340000000000000000e+02 2.014138261572909051e-07
8.350000000000000000e+02 2.022247169145807028e-07
8.360000000000000000e+02 2.030406938599165793e-07
8.370000000000000000e+02 2.038618259818206150e-07
8.380000000000000000e+02 2.046881831196048787e-07
8.390000000000000000e+02 2.055198359771152252e-07
8.400000000000000000e+02 2.063568561362525353e-07
8.410000000000000000e+02 2.071993160711168957e-07
8.420000000000000000e+02 2.080472891622803685e-07
8.430000000000000000e+02 2.089008497108528469e-07
8.440000000000000000e+02 2.097600729529875741e-07
8.450000000000000000e+02 2.106250350747734378e-07
8.460000000000000000e+02 2.114958132263671332e-07
8.470000000000000000e+02 2.123724855374057475e-07
8.480000000000000000e+02 2.132551311315576748e-07
8.490000000000000000e+02 2.141438301418596292e-07
8.500000000000000000e+02 2.150386637256058435e-07
8.510000000000000000e+02 2.159397140795071792e-07
8.520000000000000000e+02 2.168470644552035031e-07
8.530000000000000000e+02 2.177607991743391525e-07
8.540000000000000000e+02 2.186810036436631777e-07
8.550000000000000000e+02 2.196077643707521785e-07
8.560000000000000000e+02 2.205411542123986918e-07
8.570000000000000000e+02 2.214811874390810612e-07
8.580000000000000000e+02 2.224278628970282073e-07
8.590000000000000000e+02 2.233811786059013986e-07
8.600000000000000000e+02 2.243411317507443154e-07
8.610000000000000000e+02 2.253077186747082542e-07
8.620000000000000000e+02 2.262809348708009683e-07
8.630000000000000000e+02 2.272607749739813617e-07
8.640000000000000000e+02 2.282472327527059952e-07
8.650000000000000000e+02 2.292403011007851814e-07
8.660000000000000000e+02 2.302399720282368823e-07
8.670000000000000000e+02 2.312462366526286560e-07
8.680000000000000000e+02 2.322590851897427448e-07
8.690000000000000000e+02 2.332785069441196142e-07
8.700000000000000000e+02 2.343044902991414997e-07
8.710000000000000000e+02 2.353370227071300625e-07
8.720000000000000000e+02 2.363760906790913880e-07
8.730000000000000000e+02 2.374216797735701705e-07
8.740000000000000000e+02 2.384737745859363342e-07
8.750000000000000000e+02 2.395323587369127932e-07
8.760000000000000000e+02 2.405974148607224423e-07
8.770000000000000000e+02 2.416689245929619014e-07
8.780000000000000000e+02 2.427468685578202119e-07
8.790000000000000000e+02 2.438312263551551781e-07
8.800000000000000000e+02 2.449219765469628635e-07
8.810000000000000000e+02 2.460190966435086963e-07
8.820000000000000000e+02 2.471225630883924260e-07
8.830000000000000000e+02 2.482323512441671451e-07
8.840000000000000000e+02 2.493484353760231048e-07
8.850000000000000000e+02 2.504707886364544605e-07
8.860000000000000000e+02 2.515993830476715320e-07
8.870000000000000000e+02 2.527341894849346366e-07
8.880000000000000000e+02 2.538751776577782272e-07
8.890000000000000000e+02 2.550223160919404504e-07
8.900000000000000000e+02 2.561755721093828566e-07
8.910000000000000000e+02 2.573349118081213811e-07
8.920000000000000000e+02 2.585003000415772690e-07
8.930000000000000000e+02 2.596717003959879238e-07
8.940000000000000000e+02 2.608490751680626553e-07
8.950000000000000000e+02 2.620323602041210261e-07
8.960000000000000000e+02 2.632213886945594493e-07
8.970000000000000000e+02 2.644159652143070736e-07
8.980000000000000000e+02 2.656158906444374221e-07
8.990000000000000000e+02 2.668209621494878672e-07
9.000000000000000000e+02 2.680309731537556252e-07
9.010000000000000000e+02 2.692457133180742312e-07
9.020000000000000000e+02 2.704649685158145006e-07
9.030000000000000000e+02 2.716885208091352615e-07
9.040000000000000000e+02 2.729161484242022934e-07
9.050000000000000000e+02 2.741476257269240099e-07
9.060000000000000000e+02 2.753827231976335383e-07
9.070000000000000000e+02 2.766212074062021498e-07
9.080000000000000000e+02 2.778628409858508542e-07
9.090000000000000000e+02 2.791073826078859482e-07
9.100000000000000000e+02 2.803545869546345123e-07
9.110000000000000000e+02 2.816042046929885547e-07
9.120000000000000000e+02 2.828559824474358529e-07
9.130000000000000000e+02 2.841096627721502707e-07
9.140000000000000000e+02 2.853649841233639260e-07
9.150000000000000000e+02 2.866216808307555295e-07
9.160000000000000000e+02 2.878794830683620025e-07
9.170000000000000000e+02 2.891381168258195385e-07
9.180000000000000000e+02 2.903973038778768747e-07
9.190000000000000000e+02 2.916567617542130211e-07
9.200000000000000000e+02 2.929162037089607493e-07
9.210000000000000000e+02 2.941753386887418990e-07
9.220000000000000000e+02 2.954338713009819402e-07
9.230000000000000000e+02 2.966915017812213829e-07
9.240000000000000000e+02 2.979479259603327970e-07
9.250000000000000000e+02 2.992028352300956460e-07
9.260000000000000000e+02 3.004559165094633056e-07
9.270000000000000000e+02 3.017068522092937767e-07
9.280000000000000000e+02 3.029553201964086479e-07
9.290000000000000000e+02 3.042009937577775781e-07
9.300000000000000000e+02 3.054435415629492087e-07
9.310000000000000000e+02 3.066826276265846728e-07
9.320000000000000000e+02 3.079179112695919123e-07
9.330000000000000000e+02 3.091490470802238895e-07
9.340000000000000000e+02 3.103757004854878621e-07
9.350000000000000000e+02 3.115975953049986925e-07
9.360000000000000000e+02 3.128144682257255071e-07
9.370000000000000000e+02 3.140260533873647263e-07
9.380000000000000000e+02 3.152320823918737378e-07
9.390000000000000000e+02 3.164322843119558904e-07
9.400000000000000000e+02 3.176263856983883878e-07
9.410000000000000000e+02 3.188141105863759357e-07
9.420000000000000000e+02 3.199951805006253691e-07
9.430000000000000000e+02 3.211693144591342716e-07
9.440000000000000000e+02 3.223362289757366276e-07
9.450000000000000000e+02 3.234956380608094589e-07
9.460000000000000000e+02 3.246472532207252186e-07
9.470000000000000000e+02 3.257907834556643278e-07
9.480000000000000000e+02 3.269259352547795178e-07
9.490000000000000000e+02 3.280524125907273326e-07
9.500000000000000000e+02 3.291699169105814239e-07
9.510000000000000000e+02 3.302781471254825496e-07
9.520000000000000000e+02 3.313767995979786607e-07
9.530000000000000000e+02 3.324655681255170763e-07
9.540000000000000000e+02 3.335441439230865547e-07
9.550000000000000000e+02 3.346122156012567468e-07
9.560000000000000000e+02 3.356694691420701035e-07
9.570000000000000000e+02 3.367155878713527386e-07
9.580000000000000000e+02 3.377502524279059351e-07
9.590000000000000000e+02 3.387731407283118735e-07
9.600000000000000000e+02 3.397839279285512859e-07
9.610000000000000000e+02 3.407822863812017175e-07
9.620000000000000000e+02 3.417678855887317587e-07
9.630000000000000000e+02 3.427403921513613497e-07
9.640000000000000000e+02 3.436994697116384563e-07
9.650000000000000000e+02 3.446447788921581664e-07
9.660000000000000000e+02 3.455759772299297070e-07
9.670000000000000000e+02 3.464927191035195403e-07
9.680000000000000000e+02 3.473946556562311401e-07
9.690000000000000000e+02 3.482814347116884706e-07
9.700000000000000000e+02 3.491527006839606027e-07
9.710000000000000000e+02 3.500080944810175865e-07
9.720000000000000000e+02 3.508472534016396602e-07
9.730000000000000000e+02 3.516698515182095829e-07
9.740000000000000000e+02 3.524757219901856244e-07
9.750000000000000000e+02 3.532647371801578258e-07
9.760000000000000000e+02 3.540367683870952625e-07
9.770000000000000000e+02 3.547916858416447990e-07
9.780000000000000000e+02 3.555293587005844001e-07
9.790000000000000000e+02 3.562496550427325968e-07
9.800000000000000000e+02 3.569524418651578549e-07
9.810000000000000000e+02 3.576375850783471523e-07
9.820000000000000000e+02 3.583049495034648744e-07
9.830000000000000000e+02 3.589543988682341162e-07
9.840000000000000000e+02 3.595857958047101508e-07
9.850000000000000000e+02 3.601990018459171255e-07
9.860000000000000000e+02 3.607938774237149690e-07
9.870000000000000000e+02 3.613702818666549150e-07
9.880000000000000000e+02 3.619280733978789140e-07
9.890000000000000000e+02 3.624671091337816385e-07
9.900000000000000000e+02 3.629872450826409897e-07
9.910000000000000000e+02 3.634883361437763585e-07
9.920000000000000000e+02 3.639702361067218684e-07
9.930000000000000000e+02 3.644327976508273700e-07
9.940000000000000000e+02 3.648758723451964489e-07
9.950000000000000000e+02 3.652993106491543053e-07
9.960000000000000000e+02 3.657029619122410838e-07
9.970000000000000000e+02 3.660866743755500266e-07
9.980000000000000000e+02 3.664502951724837680e-07
9.990000000000000000e+02 3.667936703303238866e-07
1.000000000000000000e+03 3.671166447721684928e-07
